Index	A	C	G	T
1	0.1155711783125062	0.21517063492608485	0.09654450388098457	0.5727136828804245
2	0.1155711783125062	0.21517063492608485	0.09654450388098457	0.5727136828804245
3	0.19128751440916694	0.165379503747445	0.29850801901708657	0.3448249628263016
4	0.7428699900479326	0.038887150646123324	0.18106941833592166	0.03717344097002239
5	0.03683745408458967	0.1678715105895407	0.038775242459508856	0.7565157928663608
6	0.4914457375895329	0.09696701529912652	0.1697545115717999	0.24183273553954063
7	0.7647055665835356	0.043486682743118614	0.140791871659208	0.05101587901413776
8	0.11595243003270406	0.6513108825075967	0.07056004839610305	0.1621766390635962
9	0.313933587656239	0.026706941697630864	0.6334171580376318	0.025942312608498403
10	0.040461639961004436	0.13879366399544435	0.07456233972639854	0.7461823563171527
11	0.7809556069500746	0.02083670683654781	0.17998304343009225	0.01822464278328545
12	0.12138254744727577	0.514512239159017	0.07691712643383489	0.28718808695987247
13	0.5662821734736742	0.11017630606562297	0.26529034706526616	0.05825117339543673
14	0.30520902948346307	0.3125053826111748	0.1147731778971533	0.2675124100082088
15	0.049522514772494176	0.13370403827873725	0.04248562728126921	0.7742878196674995
16	0.11330939500648672	0.2689267405286604	0.07470301464692024	0.5430608498179328
17	0.049522514772494176	0.13370403827873725	0.04248562728126921	0.7742878196674995
18	0.07243522913437736	0.14485974207076308	0.05280072756460307	0.7299043012302565
19	0.5301356743853446	0.02486995544853122	0.4220870735726122	0.022907296593512108
20	0.23590402855252504	0.1650308047885608	0.0965339127897561	0.5025312538691581
21	0.08233756973518766	0.7003895672805193	0.05853292814003696	0.15873993484425608
22	0.3077728446675991	0.11418563653089506	0.5136609934252563	0.06438052537624955
23	0.08233756973518766	0.7003895672805193	0.05853292814003696	0.15873993484425608
24	0.015734942978389777	0.0943315249824696	0.0180747827457046	0.8718587492934361
25	0.006072416392642822	0.0685300840554771	0.007468236434151649	0.9179292631177284
26	0.005102473787006722	0.5247299701684285	0.007353589822086633	0.46281396622247817
27	0.30149632697331324	0.008138182996545283	0.6848172210526491	0.005548268977492345
28	0.1379304777124226	0.23772132470717447	0.0677520206003408	0.5565961769800623
29	0.6496400356961171	0.060160517556498504	0.12720395463431658	0.16299549211306788
30	0.005114246262850789	0.6185558221029033	0.007151598555580702	0.3691783330786652
31	0.9380267336052733	0.004124966852214845	0.05523611945809618	0.0026121800844156216
32	0.2390316795245192	0.38723431135985387	0.09305573314887151	0.2806782759667555
33	0.2389944263893964	0.0178731669365188	0.7355233714085816	0.007609035265503239
34	0.21075798450682162	0.5146948443170174	0.1429240045983467	0.13162316657781442
35	0.8737979665327116	0.01038589950580839	0.11198639422403091	0.0038297397374491677
36	0.8217683598204031	0.004161686392386276	0.17154713285617065	0.0025228209310400045
37	0.005774495531377124	0.8527808775523407	0.00999630170140284	0.1314483252148793
38	0.033910878560876115	0.23604841636804505	0.021155769679968153	0.7088849353911107
39	0.8826136333222264	0.005416704132153908	0.10841279997822856	0.0035568625673911398
40	0.0019480398404728635	0.07805152808892321	0.003141746232340743	0.9168586858382632
41	0.5186635895730581	0.03077916738980217	0.4085715345291754	0.04198570850796436
42	0.4499818497851815	0.14938865462620224	0.20918818483515964	0.1914413107534566
43	0.7296897470703471	0.06380097992648538	0.17456034420024608	0.03194892880292156
44	0.06648008687731884	0.3059570700943889	0.35319649878746984	0.27436634424082257
45	0.0026406650562522407	0.18030973838067607	0.004096116205245979	0.8129534803578258
46	0.1727153868634901	0.601379360450802	0.15382644187087693	0.0720788108148309
47	0.29245543526297424	0.16562132360405174	0.32797237275433383	0.2139508683786402
48	0.041354343647822187	0.4098954266747946	0.029296602275198855	0.5194536274021844
49	0.9380267336052733	0.004124966852214845	0.05523611945809618	0.0026121800844156216
50	0.004665982514823627	0.2036441195297329	0.006833911234926059	0.7848559867205174
51	0.8008065604387355	0.004387378450549781	0.1921331071170333	0.0026729539936813655
52	0.15826060677264447	0.12200825284773274	0.07223348848069593	0.6474976518989268
53	0.04437780607067999	0.11096626015545222	0.2968185467767875	0.5478373869970803
54	0.3244004223716727	0.10970609283156779	0.5396751520451956	0.026218332751563996
55	0.0026836793768195244	0.1823441799467566	0.004167234745054719	0.8108049059313692
56	0.2792660948717984	0.010072342591182245	0.7030254797187896	0.00763608281822981
57	0.003934789792917375	0.9144520338849933	0.004913150234232505	0.07670002608785677
58	0.15826060677264447	0.12200825284773274	0.07223348848069593	0.6474976518989268
59	0.005640045093068439	0.7297195950991013	0.007716336957452166	0.25692402285037796
60	0.4465590667717652	0.06462983794194091	0.3517229187798162	0.13708817650647762
61	0.11410586208206394	0.09727824883525535	0.48995124969273235	0.2986646393899483
62	0.004665362843986549	0.30602625729101773	0.006770831049564908	0.6825375488154308
63	0.6688999513617238	0.05946852620321985	0.15053509230489615	0.1210964301301603
64	0.05574631948088991	0.1896863471336207	0.36140737469632134	0.39315995868916803
65	0.049411386772933066	0.11296840726126907	0.22393911349292472	0.6136810924728732
66	0.7029108445439491	0.11875199667081622	0.14172414004270012	0.03661301874253458
67	0.6749954673148382	0.006821659404246606	0.3137190362114949	0.004463837069420289
68	0.0038917534120841584	0.8767930979001155	0.004890960800741343	0.11442418788705896
69	0.0029487978552053783	0.24828065423002355	0.00441276680218307	0.744357781112588
70	0.4577502204197878	0.09950739854915498	0.10424453711552499	0.33849784391553234
71	0.009536949278859277	0.30116339306114237	0.035056055112710045	0.6542436025472883
72	0.6794621668336064	0.05774035576075857	0.14424840676266193	0.11854907064297311
73	0.6589193980217677	0.0051230429313881935	0.33265360417251283	0.0033039548743312515
74	0.6784569860750166	0.008827156048752598	0.30867829032108324	0.0040375675551475995
75	0.18396705719088446	0.006513286171941225	0.8042911384453661	0.005228518191808217
76	0.04972899794594811	0.01074943430585687	0.9331201046480193	0.0064014631001757475
77	0.285995612136662	0.318411277479624	0.12170477177369127	0.2738883386100227
78	0.3092683105512667	0.08384015432428614	0.46449450434175665	0.14239703078269064
79	0.6795672003434137	0.06262769251502151	0.16257788817475785	0.09522721896680705
80	0.28118547358102547	0.27387416786752583	0.12144595708392908	0.32349440146751957
81	0.23043705273309048	0.16616551931204096	0.1059222563363759	0.49747517161849264
82	0.002462075919153212	0.051625535987866546	0.003903281961370841	0.9420091061316094
83	0.0037605461454375106	0.9043528459591357	0.004650578246628261	0.08723602964879848
84	0.085890715415869	0.12514461880555205	0.7424933961469838	0.046471269631595105
85	0.002120788510869381	0.04263435756816262	0.005330111015620093	0.9499147429053479
99	0.005652515120968809	0.8951939313418698	0.01031513176627223	0.0888384217708893
100	0.37536482673741783	0.006770687232433582	0.613227613093867	0.004636872936281542
101	0.8165461864915541	0.0061418332896084225	0.1716009238666224	0.005711056352215105
102	0.11228132102981142	0.09049729281294791	0.055735811507441384	0.7414855746497994
103	0.00751117869955494	0.906295586675474	0.007697772833088369	0.07849546179188269
104	0.003779375977655333	0.9295672165800523	0.004652486129693012	0.062000921312599336
105	0.009807561395487533	0.6227419763057744	0.01121891954897541	0.35623154274976265
106	0.061614413300630146	0.6320738769611601	0.034391297040988686	0.27192041269722117
107	0.4985561902571483	0.3069789664144696	0.11517949090706857	0.07928535242131357
108	0.05644700622932267	0.047215231984176875	0.8562607749726946	0.040076986813805913
109	0.11315595182033138	0.11414556622023725	0.05563900629998814	0.7170594756594433
110	0.495715675100964	0.1906668310552692	0.26859246609733095	0.04502502774643594
111	0.004565550684701544	0.1709775928902679	0.006647169956917132	0.8178096864681135
112	0.06945953982155077	0.19125859079092294	0.6320033820457448	0.10727848734178153
113	0.04236586223473009	0.0042982961397161545	0.9499328572524014	0.0034029843731523957
114	0.3316515178891443	0.19794048653501892	0.14622346031885902	0.3241845352569779
115	0.5408209254494836	0.014831149944979711	0.42824301161756556	0.01610491298797128
122	0.002164541048906477	0.13379799175343787	0.00333013735378104	0.8607073298438747
123	0.4032262848670941	0.006440187377180304	0.5859098572537607	0.00442367050196482
124	0.24363960633703427	0.2706711811309309	0.3602215919150004	0.12546762061703448
125	0.6268785832681824	0.006327118669656211	0.36255510540482905	0.004239192657332313
126	0.14470152998466407	0.006573995057641161	0.8446848371584273	0.004039637799267469
127	0.8615693437677677	0.01166881008618209	0.12042738203894027	0.006334464107110067
128	0.959000532490539	0.0028548494143277817	0.03651887762035838	0.0016257404747749382
129	0.03557311910407397	0.09591861745119011	0.11007112964613425	0.7584371337986017
130	0.8942392316620996	0.011630590300231732	0.08926983346696185	0.004860344570706821
137	0.2561916106400166	0.38545810966571026	0.09435373938585546	0.26399654030841774
138	0.2749849523865389	0.15924064571564228	0.11644419982243771	0.44933020207538105
139	0.9206575130348665	0.008910872978691383	0.05998291702927205	0.010448696957169953
140	0.9324973374767394	0.0029601107151363344	0.06278264830059546	0.0017599035075289383
141	0.05077808810051508	0.4123280315875039	0.23250986368659654	0.3043840166253844
142	0.04204143937053434	0.08669764064947112	0.25912868768466096	0.6121322322953335
143	0.6928528657459173	0.011357308261091183	0.29163449342449776	0.004155332568493657
144	0.11585985278490368	0.1477036257708062	0.056514552324631415	0.6799219691196586
145	0.14108784957154233	0.6759043724985079	0.059324143470855586	0.12368363445909415
146	0.3440432446666912	0.005425169626406016	0.6466632272074989	0.0038683584994039536
147	0.8544959923286591	0.0034985178093775793	0.13984486061270415	0.0021606292492590455
148	0.006769816667403134	0.5862451958510518	0.008866586860854161	0.3981184006206908
149	0.0018709123982831297	0.041837448922273465	0.0035364160613579215	0.9527552226180854
150	0.08505753610182319	0.12552490871387234	0.07358775131313772	0.7158298038711668
151	0.25006506654028465	0.3190161269741893	0.36665530801678825	0.06426349846873773
152	0.15227351515685045	0.08448040249689452	0.5466792834919362	0.21656679885431887
153	0.04490952638354788	0.3719747828702717	0.026527380856368406	0.556588309889812
154	0.0020985438537764536	0.048824599835789274	0.004173055768562599	0.9449038005418716
155	0.24132524622251944	0.13580129751460987	0.5761771527919961	0.046696303470874674
156	0.34777002315432437	0.20361759750328132	0.10017177610752045	0.3484406032348739
157	0.005201343903595497	0.6380630015986047	0.00724405888453156	0.34949159561326815
158	0.41240499707882333	0.11197628253464773	0.3867616564843186	0.08885706390221038
159	0.012954216235792165	0.7934008850807884	0.024963016569305677	0.1686818821141138
160	0.11086454057625401	0.15277230985722773	0.6816557119340391	0.054707437632479226
161	0.12445966829373085	0.7296834111342207	0.05839021611777008	0.08746670445427837
162	0.021016994354027655	0.8007359842789872	0.018362717518840034	0.1598843038481451
163	0.7543784291746015	0.03858215224076507	0.1339539546381207	0.0730854639465126
164	0.3660998173939572	0.1066014355635074	0.4419802594144717	0.08531848762806371
165	0.12205268820387494	0.11884121157376562	0.7261183476204838	0.03298775260187569
166	0.12635050118091168	0.6125817224921893	0.05525715521885292	0.2058106211080461
167	0.005514100259608826	0.712100731703423	0.007556081393153558	0.27482908664381467
168	0.01384734148815702	0.5351265911828349	0.02727811223763766	0.4237479550913704
169	0.09845578671322158	0.08824142697770368	0.7425382354815919	0.07076455082748288
170	0.0025299498131722995	0.09742148982796098	0.0040949301098034945	0.8959536302490633
171	0.004442465306189358	0.8936300211382115	0.005662501942404293	0.09626501161319485
172	0.09049303345637418	0.228813975172754	0.5712341874687894	0.10945880390208235
173	0.8240669372353013	0.04935751664095808	0.09345606425483705	0.03311948186890361
174	0.13047810411137656	0.006459786512197449	0.8583493439993274	0.004712765377098611
175	0.02137033935067273	0.7980584998344287	0.018627304514422887	0.16194385630047578
176	0.0049901061550437645	0.07175179294803218	0.011587152612354589	0.9116709482845695
177	0.20575450785167207	0.16302794757458625	0.575408539370832	0.05580900520290973
178	0.3438590862786659	0.12076551833084515	0.11725853467159504	0.418116860718894
179	0.5107354507778816	0.2529276385816593	0.12815915628455155	0.1081777543559075
180	0.0897330923867578	0.02038093391386216	0.8793502404597575	0.010535733239622511
181	0.9051712884603246	0.012721837880781397	0.0770005430548913	0.005106330604002638
182	0.2284858919998774	0.41955901185295974	0.09122813465309941	0.26072696149406344
183	0.052336799050243105	0.13249765107611183	0.16184147256203185	0.6533240773116133
184	0.02365017754779045	0.558853033457697	0.025818847789649275	0.39167794120486327
185	0.3990822400720812	0.046720013280508385	0.4700041991312611	0.08419354751614928
186	0.11275020046571904	0.09009417702232192	0.057151012510471014	0.740004610001488
187	0.0015506019000521318	0.030558474931715852	0.0025198629929910118	0.965371060175241
188	0.9548691478362725	0.004462818406687585	0.03877122494563341	0.0018968088114063324
189	0.5610089515744514	0.08432973283748442	0.21663905194673272	0.13802226364133144
190	0.3276451563311466	0.017235323899629902	0.6420882918151529	0.013031227954070655
191	0.14472982415107194	0.6877024396651352	0.06325737839907085	0.10431035778472207
192	0.9533900725773061	0.0027720743444081056	0.04220506359192715	0.0016327894863586575
193	0.2672778931797102	0.5922350343891252	0.059965456897970365	0.08052161553319417
194	0.00798345533159627	0.6035350616901161	0.020382561847627077	0.36809892113066056
195	0.0037082078203012608	0.3864099203995533	0.005371575883055608	0.6045102958970899
196	0.004535535609005888	0.24216117596624379	0.006558412001811947	0.7467448764229384
197	0.38210037257276297	0.08071284325357081	0.2250158871423367	0.3121708970313296
198	0.08967323230255435	0.0339632251965769	0.8557603313150255	0.02060321118584332
199	0.46573807844074866	0.315326866536706	0.1521261975675251	0.0668088574550203
200	0.9268309508539475	0.0032224930100181303	0.06803698814123577	0.0019095679947987423
201	0.00199107009898407	0.1034374804495232	0.0031071077238011917	0.8914643417276915
202	0.08828657189064248	0.1570215875825033	0.13408863173489619	0.6206032087919581
203	0.9104722529647543	0.004537833414497447	0.08206563315535251	0.0029242804653956743
204	0.9077303009820565	0.021460447849435692	0.06399920968204909	0.006810041486458736
205	0.2616381050998186	0.3745024042558271	0.25917296768281	0.10468652296154439
206	0.12440271297862647	0.5853229344764072	0.18578353851135676	0.10449081403360978
207	0.004948537346585204	0.9091700277553644	0.009937897504667864	0.07594353739338261
208	0.014375556240991544	0.4417494996829426	0.06541559888410577	0.47845934519196015
209	0.1820949113762352	0.016547074852705533	0.7952846883252439	0.006073325445815359
210	0.20247608710981518	0.09193676635625984	0.31699169470249733	0.38859545183142774
211	0.008602336462575801	0.4362445142693687	0.024763291198631715	0.5303898580694237
226	0.001778946820587998	0.03738450003598956	0.0033726519074997172	0.9574639012359227
227	0.6936968582987046	0.009885542355719043	0.2835733708636048	0.012844228481971594
228	0.08882804304661046	0.014369845871401207	0.8891675239645741	0.007634587117414285
229	0.00433622680732362	0.44324205217390134	0.006047125655341421	0.5463745953634337
230	0.003609164083905504	0.38293995403932923	0.005189416758286047	0.6082614651184793
231	0.10469008009825752	0.27696240145632817	0.5278066997302582	0.09054081871515614
232	0.6701649653838523	0.1575817211683774	0.13317667982578368	0.03907663362198665
233	0.04770699433726844	0.8366134511130006	0.030031559385878162	0.08564799516385288
234	0.05578703188422989	0.004689596816258416	0.9358341781775885	0.0036891931219231724
235	0.9584654978288157	0.0028946269988175143	0.03700523714569569	0.0016346380266711084
236	0.33537510009156407	0.17042227475723545	0.4478789895454185	0.046323635605781927
237	0.44740621716666795	0.19977245977061298	0.29972767338662304	0.053093649676096075
238	0.00547894155464589	0.7423370794545647	0.007409242058545198	0.2447747369322442
239	0.10246174124540053	0.4660720402356283	0.20648546781870952	0.2249807507002617
240	0.9624658972735742	0.0026928236946266483	0.03326114803004868	0.001580131001750426
241	0.0015940546926380566	0.03732788649054773	0.0025813767143135218	0.9584966821025007
242	0.14900690135949604	0.1489606623701406	0.06750442301104355	0.6345280132593198
243	0.002418106362504726	0.1701741322884908	0.003696593498006842	0.8237111678509976
244	0.13096190953454154	0.15210376061339687	0.062303643126371225	0.6546306867256905
245	0.945171960638682	0.0028562725012322068	0.05028643478917916	0.001685332070906574
246	0.43048720759276793	0.008397077013763247	0.556362214912912	0.004753500480556818
247	0.04504120855048478	0.60952714378698	0.044685990686156044	0.3007456569763791
248	0.04632740306773514	0.5473535961462839	0.1273851478020506	0.27893385298393036
249	0.0016887989561352704	0.03821460578789408	0.0027446296248687984	0.9573519656311018
250	0.11925410751962474	0.10500193030989796	0.06556248026415967	0.7101814819063177
251	0.0615675612827329	0.01320514507522347	0.902156139119365	0.023071154522678498
252	0.68896470612962	0.12703083632479956	0.1434681915234191	0.04053626602216137
253	0.9483306869072464	0.0028161955328063985	0.04719092535923478	0.0016621922007124415
254	0.003809740097779918	0.22145099553692912	0.0052127920263598925	0.769526472338931
255	0.0021562331341757777	0.071527762254859	0.004335306673951634	0.9219806979370136
256	0.3491666600878643	0.020282548054397997	0.6044944070251014	0.026056384832636358
257	0.9266064910259527	0.009616278140303369	0.059833156768794124	0.003944074064949764
258	0.05592020668561366	0.4029123541031528	0.28979439047682315	0.25137304873441046
259	0.004895822882817488	0.5181063054236158	0.006700109137240137	0.47029776255632644
260	0.18120924030916857	0.6523980087157838	0.04761710378073563	0.11877564719431215
261	0.0047303997823785965	0.1950533839468356	0.007385629993498942	0.792830586277287
262	0.05893648996358475	0.06624330775014822	0.5750456734037199	0.2997745288825472
263	0.72482298750466	0.055672777205058276	0.10533508866725456	0.1141691466230272
264	0.008750765446835751	0.6673500620208442	0.009818473087876482	0.31408069944444356
265	0.00494393641801208	0.05416732624696488	0.010368714268638616	0.9305200230663844
266	0.11238153316102945	0.10301329309446389	0.055389869302585125	0.7292153044419215
267	0.04729036795734935	0.15304110951676328	0.3264534279169252	0.4732150946089621
268	0.23271115456066477	0.46950805810942475	0.057062780163827424	0.2407180071660831
269	0.0022638200663949973	0.06681941930316655	0.005526592486813344	0.9253901681436251
270	0.0046373795979914876	0.1875491729427355	0.0069607899470962116	0.8008526575121768
271	0.32898827456569313	0.30914119456026024	0.07856411704193116	0.28330641383211563
272	0.00444117474758173	0.360125701498156	0.006306800364353706	0.6291263233899086
273	0.7748317318996119	0.007955001509629453	0.21172771353521064	0.005485553055548076
274	0.9279422358352051	0.0034205636591338015	0.06677311101831136	0.0018640894873496764
275	0.004849734373712288	0.31575890514672394	0.006902741742981332	0.6724886187365825
276	0.2533540640753015	0.0052967049183224955	0.7375186282664583	0.0038306027399178434
277	0.04233350637418793	0.3888224664039561	0.020375127097819766	0.5484689001240362
278	0.03503333697391358	0.0768809669178978	0.1088747170422272	0.7792109790659614
279	0.8645396951910528	0.0042250584261914375	0.1285808388600771	0.0026544075226786045
280	0.5676646254085174	0.10493916715232504	0.17681861765050969	0.1505775897886478
281	0.9533900725773061	0.0027720743444081056	0.04220506359192715	0.0016327894863586575
282	0.004868029230329748	0.5354186989969527	0.006759148740365915	0.4529541230323518
283	0.7266694856276336	0.005058249975005358	0.26512458815617007	0.0031476762411910765
284	0.27918561862951197	0.008222198612122865	0.7069417570272684	0.005650425731096817
285	0.34863929166145613	0.37622983968800117	0.11086097725048934	0.16426989140005333
286	0.046990180708583185	0.44900139019250074	0.22966324593849835	0.2743451831604178
287	0.16273321905162566	0.4691328668143562	0.23065817968245206	0.13747573445156613
288	0.04186803911502514	0.08618821735937134	0.03973660259998084	0.8322071409256228
289	0.12985586537016108	0.1196873843039726	0.09118037193626237	0.659276378389604
290	0.045765693335891464	0.004411141621215504	0.9463527534856723	0.003470411557220775
291	0.00509552046941975	0.3714872722588508	0.007165888727528836	0.6162513185442006
292	0.9460264998634272	0.005026205010918137	0.046538895867443426	0.002408399258211289
293	0.0328784571590957	0.17115552556236677	0.01625228534490925	0.7797137319336283
294	0.008830677543182897	0.41064183478887895	0.018170666074169197	0.562356821593769
295	0.8903003218173181	0.012461271603908043	0.07379763154541433	0.023440775033359312
296	0.2741198640353892	0.00799375278442697	0.7126671098036226	0.005219273376561395
297	0.03825126121932468	0.19307113161083217	0.11554150372449745	0.6531361034453457
298	0.3852602240061489	0.3903976901239446	0.1568769195253991	0.06746516634450757
299	0.004546450103368012	0.20230996614168892	0.006596105557629978	0.7865474781973131
300	0.32898827456569313	0.30914119456026024	0.07856411704193116	0.28330641383211563
301	0.23491151154456247	0.006250514254013329	0.7547504174018742	0.0040875567995500624
302	0.04996204412617407	0.5273962970454346	0.09307389618302192	0.3295677626453694
303	0.003935094693523514	0.7759205558465218	0.005071130184469136	0.21507321927548564
304	0.0037653867401942183	0.8971982527601797	0.004661935940738989	0.09437442455888709
305	0.9245935418453655	0.0030118978052041776	0.07059770103932633	0.001796859310104184
306	0.04034986237125304	0.2870165742459506	0.11853518331051831	0.5540983800722781
307	0.037924643618064635	0.7154128709733885	0.04191916138992998	0.20474332401861678
308	0.10124850369983722	0.08832472233824651	0.06617079835113235	0.744255975610784
309	0.8911288176740706	0.016236616767995565	0.07835149318719585	0.014283072370738002
310	0.16190997802679374	0.38451767080884175	0.13934151344642995	0.3142308377179347
311	0.4988812742112267	0.02185556336014643	0.45853638626571663	0.020726776162910163
312	0.6715477905684989	0.10064669466836948	0.12003726276365297	0.10776825199947866
313	0.04307881989101862	0.6948337953426301	0.04110078008321815	0.22098660468313316
314	0.21771642924926318	0.20352383259663676	0.449625422062049	0.12913431609205103
315	0.21970667401272456	0.09466810654628156	0.5245292221013614	0.16109599733963242
316	0.025102805217400194	0.1338734110916633	0.027719640731719813	0.8133041429592167
317	0.802147394809063	0.027852758389820906	0.14476781215479945	0.025232034646316664
318	0.802147394809063	0.027852758389820906	0.14476781215479945	0.025232034646316664
319	0.10129377933897922	0.1746798098515452	0.17436556863310954	0.549660842176366
320	0.24529320647527253	0.2843310366915888	0.13000175391592053	0.34037400291721814
321	0.13440598944234622	0.3267325142932316	0.09134960878477169	0.4475118874796505
322	0.33459800347087654	0.5471435465097	0.06699205581117335	0.051266394208249993
323	0.9234516618515921	0.01242061733677661	0.0604993907444153	0.0036283300672159966
324	0.6627827405038224	0.13378398313920092	0.1625125641215252	0.04092071223545148
325	0.7605668649522029	0.007432929312723683	0.22721861652864447	0.004781589206429015
326	0.4060243472740907	0.39791386845203064	0.09167029572747123	0.10439148854640747
327	0.014890901583752792	0.6241512849742016	0.014743379994330029	0.3462144334477155
328	0.20909845684796483	0.006478584726208933	0.7798550225382997	0.004567935887526475
329	0.14407578490706827	0.1520124589148052	0.45704671138639563	0.246865044791731
330	0.7605668649522029	0.007432929312723683	0.22721861652864447	0.004781589206429015
331	0.27493580186590827	0.11542633358339115	0.10163733809073444	0.5080005264599662
332	0.0029942681523981093	0.16631423202000292	0.004726230925082959	0.825965268902516
333	0.9259973356216176	0.006603666895938873	0.062454453793419115	0.00494454368902455
334	0.016467665385551687	0.6545062435693861	0.016560670775510825	0.3124654202695513
335	0.48047506916983745	0.02232996776569121	0.4872481872407544	0.009946775823716968
336	0.9498273605973062	0.0031556195042144754	0.045199652564719105	0.0018173673337600579
337	0.9498273605973062	0.0031556195042144754	0.045199652564719105	0.0018173673337600579
338	0.004175793228242732	0.9345659251930737	0.005169012925299749	0.05608926865338394
339	0.006093373871424214	0.8345355500193443	0.00788296223085142	0.15148811387838018
340	0.0022674776566341316	0.05116531866446834	0.0037047285485502096	0.9428624751303474
341	0.6731200878480416	0.05770318546389357	0.14124239610651743	0.12793433058154755
342	0.04273772861621185	0.13561789625848694	0.04311432295428485	0.7785300521710162
343	0.1854342705912801	0.3095570567816813	0.10064639907883616	0.4043622735482026
344	0.869908477188902	0.016973151096164985	0.07443724693716959	0.03868112477776349
345	0.12610642393062285	0.027172331184712146	0.8303467050173441	0.016374539867320945
346	0.005823015665535028	0.22709617633673024	0.008082687569271819	0.7589981204284629
347	0.9588066414625982	0.002764313481560839	0.03681356020632257	0.0016154848495184776
348	0.948921465172997	0.0038885205215640614	0.04527373690813541	0.0019162773973035968
349	0.003950576195043063	0.8177088214815444	0.0050694809638172165	0.17327112135959544
350	0.1139552272185346	0.09123990125019557	0.05640735730739919	0.7383975142238706
351	0.6170245757532821	0.23359113272308388	0.09715234458538519	0.05223194693824876
352	0.0016020911051658894	0.034096912095782535	0.0026841457390395155	0.9616168510600122
353	0.0025445412626584644	0.18341025903445532	0.003886768898132959	0.8101584308047532
354	0.0015506019000521318	0.030558474931715852	0.0025198629929910118	0.965371060175241
355	0.004529579901716131	0.22936698993715396	0.006550494088812072	0.7595529360723179
356	0.7050464027491808	0.11353497971544614	0.14579526177219973	0.03562335576317338
357	0.9072832858462795	0.0033453743044197567	0.08738533890928092	0.001986000940019892
358	0.9119909819788974	0.005184867570320966	0.07785841997299064	0.004965730477790812
363	0.016037880716908117	0.16234401188329872	0.01781478237955551	0.8038033250202377
364	0.17835530498634877	0.15317645467685082	0.5173937195861732	0.15107452075062722
365	0.7951332281906032	0.0286117910176903	0.15651629256801047	0.019738688223695993
366	0.5651011434159371	0.04013337122120838	0.3470248040062125	0.04774068135664205
367	0.18342466402236313	0.023194823229391908	0.7694579277490707	0.02392258499917432
368	0.01427525247487206	0.07271276603603984	0.016227088931765672	0.8967848925573224
369	0.0348273395526594	0.7215140673317056	0.031818719290888677	0.21183987382474634
370	0.01427525247487206	0.07271276603603984	0.016227088931765672	0.8967848925573224
371	0.7781351037891711	0.041172369278632485	0.12856452400720694	0.05212800292498952
372	0.2908251229317896	0.06673339086690151	0.5975717593475494	0.04486972685375951
373	0.014922989345836683	0.08240590367942116	0.017073057804274643	0.8855980491704675
374	0.6270423922136511	0.05793769552814354	0.2333707244253342	0.0816491878328712
375	0.2564145284795205	0.08761160985762084	0.6045428562564656	0.05143100540639296
376	0.704821798571704	0.03507348888078416	0.2043464382776891	0.05575827426982282
377	0.02241608429550669	0.4635590972290113	0.023404972994171082	0.49061984548131105
378	0.022655232917150884	0.4783631560285038	0.02357444161490367	0.47540716943944167
379	0.0605469896812249	0.7557725994098993	0.04594746390907689	0.13773294699979882
380	0.04372625315555966	0.7571315702497671	0.05645196676586588	0.14269020982880748
381	0.026718983020666644	0.7392319251784294	0.026316677580382142	0.2077324142205218
382	0.40847629618583897	0.35977194736408413	0.10957756736344099	0.12217418908663595
383	0.8193998501832254	0.04015586009970352	0.11497900439772944	0.025465285319341554
384	0.017497720046146133	0.17043274533269118	0.019753561290590613	0.792315973330572
385	0.8193998501832254	0.04015586009970352	0.11497900439772944	0.025465285319341554
386	0.014922989345836683	0.08240590367942116	0.017073057804274643	0.8855980491704675
387	0.2079278802576287	0.23889737893574936	0.08277763878615646	0.4703971020204655
388	0.056479955705238706	0.1308539507944956	0.1376468158392474	0.6750192776610183
389	0.036125752217723295	0.7540896010824497	0.03474511888348165	0.17503952781634544
390	0.035477508628434996	0.6117128143161915	0.03573555785565599	0.3170741191997176
391	0.07786949726515087	0.43126980697530054	0.17665023518672365	0.3142104605728249
392	0.019783648162846303	0.10679751822917755	0.02254771752889048	0.8508711160790857
393	0.3114219707368841	0.0341462641651946	0.6206623103001587	0.03376945479776259
394	0.6595158356643832	0.1191555424654354	0.14409400229804076	0.0772346195721407
395	0.6241844521844869	0.08975807909352777	0.14470752490484012	0.14134994381714525
396	0.7313093075517083	0.02904525006976865	0.21336695806354342	0.026278484314979627
397	0.8422975411536056	0.0227331382229167	0.11507354582127777	0.01989577480219991
398	0.15976368195058877	0.10166422390330664	0.5555657094620621	0.18300638468404246
399	0.1784335730030876	0.44306707939128226	0.0767948892361151	0.3017044583695151
400	0.05358874372124213	0.11450883481899576	0.03332764758797397	0.7985747738717881
401	0.01427525247487206	0.07271276603603984	0.016227088931765672	0.8967848925573224
402	0.3397908241457885	0.022561732421822012	0.6153120669089621	0.02233537652342735
403	0.8911288176740706	0.016236616767995565	0.07835149318719585	0.014283072370738002
404	0.1106124577601833	0.08430223480205522	0.5954753325499338	0.20960997488782768
405	0.18085403113768903	0.24382924142588444	0.4909840945856217	0.08433263285080488
406	0.1924036890532238	0.16132895605995334	0.5262980051492405	0.11996934973758236
407	0.2776703827337684	0.4229260296073907	0.08667263447471561	0.21273095318412535
408	0.00751117869955494	0.906295586675474	0.007697772833088369	0.07849546179188269
409	0.15728989170372473	0.1261352004523053	0.6709319825144655	0.04564292532950452
410	0.8560855006999664	0.004976682523864715	0.13559351712682774	0.003344299649341091
411	0.3475934614867122	0.01570999795284501	0.6191967535302376	0.017499787030205098
412	0.9533900725773061	0.0027720743444081056	0.04220506359192715	0.0016327894863586575
413	0.2511156105449542	0.10283887039858126	0.0846705827500686	0.561374936306396
414	0.6939965122340006	0.12074929173851463	0.14752556327233657	0.0377286327551482
415	0.29666904388602044	0.007528277981674824	0.6905481194060141	0.005254558726290645
416	0.017595148545999875	0.8860452870452771	0.04169438627548242	0.05466517813324072
417	0.004769147706586826	0.2718512280439611	0.0068622078189756195	0.7165174164304765
418	0.15915244647937984	0.6838079668232009	0.06456322406224604	0.09247636263517324
419	0.1130943881833152	0.0911154902537405	0.05771819827553658	0.7380719232874077
420	0.5442161067862628	0.08773881966746402	0.10077039331412689	0.26727468023214646
421	0.001858817514501511	0.07956161230436948	0.002944448134339828	0.9156351220467892
422	0.7166700965329177	0.006383823174054177	0.27116469969101925	0.005781380602008874
423	0.7831032369180582	0.007937124777464388	0.20257942020897754	0.006380218095499758
424	0.8229006790100083	0.006653179506701374	0.1674662952225014	0.0029798462607889234
425	0.07383307205475767	0.08493918010229157	0.19692219251569645	0.6443055553272544
426	0.9624658972735742	0.0026928236946266483	0.03326114803004868	0.001580131001750426
427	0.13470040752154938	0.07271670557437684	0.6049574872767662	0.18762539962730762
428	0.6165960835311486	0.12690508032227327	0.10185102690070386	0.1546478092458744
429	0.06878026549902198	0.622754877651074	0.05908412403453131	0.24938073281537274
430	0.343279894770409	0.006785594899951876	0.645228269806477	0.004706240523162276
431	0.11467848460466198	0.09243495145586414	0.05667296073734015	0.7362136032021337
432	0.07264694136057329	0.005655248962696554	0.9179276298486373	0.003770179828092941
433	0.5930476113701723	0.15122683707693332	0.10202897537314405	0.15369657617975044
434	0.08943090976976424	0.07032186089230054	0.691632013054987	0.14861521628294824
435	0.25789110252576397	0.10884127777404681	0.6001669963448821	0.033100623355307196
436	0.005611960017443001	0.769484706716765	0.007556867439618833	0.21734646582617315
437	0.0020218625184253046	0.05948919911939763	0.003993503058733841	0.9344954353034433
438	0.0016337666072654402	0.04353598149639559	0.002637176222365549	0.9521930756739735
439	0.005975374871508887	0.12289407274398627	0.01320905306119279	0.8579214993233121
440	0.04233350637418793	0.3888224664039561	0.020375127097819766	0.5484689001240362
441	0.8665452462826302	0.02852215242878713	0.09913608740369793	0.005796513884884835
442	0.44307332111959763	0.12375373512495685	0.39196202523227075	0.04121091852317476
443	0.29728392969358153	0.09971580944648413	0.17492781616446143	0.4280724446954729
444	0.1908286023093263	0.48433681336348217	0.0776241612775235	0.24721042304966812
445	0.004259003315390919	0.4547365496664225	0.006135160847788768	0.5348692861703979
446	0.0016232743218491407	0.03475326564461788	0.0026553113319272184	0.9609681487016057
447	0.07842655399367289	0.00480599827553888	0.9130987419288903	0.0036687058018980124
448	0.9222749844323572	0.007316374202519913	0.0643334986619268	0.0060751427031960755
449	0.0016917224032601465	0.03859036306461387	0.0027800749099585235	0.9569378396221675
450	0.07643668557015407	0.11862706796326578	0.032009541566410955	0.7729267049001692
451	0.788644236377604	0.09899845902299645	0.09032659224958126	0.02203071234981821
453	0.9177581866550023	0.0030988927584660723	0.07729395559280762	0.0018489649937240425
454	0.6251771923081861	0.05903230225447195	0.1172148504312344	0.19857565500610755
455	0.9492902779998746	0.004032857253219951	0.044765999750958164	0.0019108649959472222
456	0.005309443514661097	0.6979476014907626	0.0072605674039513575	0.289482387590625
457	0.834836575036133	0.003818059877535414	0.1590095598063826	0.002335805279949103
458	0.0019235420950177787	0.04051407391552292	0.0030552454123617527	0.9545071385770976
459	0.002201750856317023	0.043831769494871275	0.0033291690820793835	0.9506373105667324
460	0.5600652758453749	0.059545029804769084	0.2553105715961442	0.12507912275371183
461	0.8684612603756947	0.04322915207516971	0.08077529471414913	0.007534292834986418
462	0.003695291169272079	0.9363140060000986	0.004502919523279192	0.05548778330735013
463	0.0019016725989010567	0.08619882895043114	0.0030037175272523034	0.9088957809234155
464	0.06274893106552298	0.005494333330700849	0.9280314330161898	0.0037253025875863474
465	0.44307332111959763	0.12375373512495685	0.39196202523227075	0.04121091852317476
466	0.06746502123935492	0.0055982495839619825	0.9222642453096022	0.004672483867080767
467	0.11594277904110335	0.5725822945602361	0.03897837871176324	0.2724965476868973
468	0.8502997417345642	0.004261177135617149	0.14308590472669203	0.0023531764031266508
469	0.004423542923068315	0.38102241757468447	0.006259801813628312	0.6082942376886189
470	0.03587339552355449	0.10644782112526754	0.11073643507635852	0.7469423482748195
471	0.07717258817196693	0.4868014209691486	0.07804573165352166	0.3579802592053629
472	0.13233345727581108	0.6216841746124104	0.18492735162782367	0.06105501648395489
473	0.004623671715786619	0.18546319476024042	0.006892991907818022	0.803020141616155
474	0.0019084977688295104	0.07825104846484932	0.0031854859187995478	0.9166549678475217
475	0.01107786454542082	0.43394506156695234	0.045361780436539746	0.5096152934510871
476	0.04915488430903514	0.46113467439716965	0.16813690965735528	0.32157353163643987
477	0.17137479451664703	0.10625919632755752	0.11414592411786766	0.6082200850379279
478	0.002739672264957505	0.047661386435472276	0.009045622346328759	0.9405533189532415
479	0.6654021126180378	0.13666532049556185	0.14197198535287348	0.05596058153352685
480	0.11653291692751058	0.004691748165509748	0.8752056839293922	0.0035696509775873992
481	0.0524378229539537	0.022525085423385684	0.9181258721773898	0.006911219445270783
482	0.9375449011230831	0.003103898646261736	0.05751938718240096	0.0018318130482541993
483	0.13644561875743175	0.005725931639895754	0.8534086776376328	0.004419771965039726
484	0.004535535609005888	0.24216117596624379	0.006558412001811947	0.7467448764229384
485	0.0015506019000521318	0.030558474931715852	0.0025198629929910118	0.965371060175241
491	0.9426848462594353	0.004389022590915365	0.049004456549253665	0.00392167460039575
492	0.12376766378380867	0.02901676453628229	0.8296159467088293	0.017599624971079676
493	0.13764324134198302	0.12564599005472363	0.08145260818666465	0.6552581604166288
494	0.9419967218927193	0.004233638861121219	0.05095286051713474	0.002816778729024732
495	0.003242169158982009	0.2616075793223635	0.0049210270736592	0.7302292244449954
496	0.0030149532994592737	0.09889324555200692	0.0044709292556464044	0.8936208718928874
497	0.009273929268801323	0.40843394577703324	0.010860770365992046	0.5714313545881734
498	0.0978673381671689	0.004898849270837391	0.8935235918140001	0.003710220747993673
499	0.014672020609535843	0.12403847942750572	0.01545454811473726	0.8458349518482212
500	0.8948178772469303	0.007464026900468667	0.09469869508081927	0.0030194007717816483
501	0.15116544537667106	0.2946797994857532	0.2263410083031891	0.3278137468343867
502	0.3804392740689274	0.13298384830505455	0.3004539846380356	0.18612289298798246
503	0.2573166226865476	0.01185132770408988	0.7250672203614964	0.0057648292478662535
504	0.4772033339280469	0.006509748479673297	0.5118545159948638	0.0044324015974159395
505	0.0017772114447610558	0.06642308547864753	0.0028339485518744456	0.928965754524717
506	0.01836873859954592	0.06773024420759007	0.021901779902081045	0.891999237290783
507	0.6860135791324603	0.06153802930437855	0.13334018097728598	0.11910821058587522
508	0.0775003439333949	0.004506359508051172	0.9145021651189313	0.003491131439622442
509	0.00454197252073183	0.20899416741291668	0.006584064265535313	0.7798797958008162
510	0.7442925020675027	0.048376015780981635	0.08877275591540708	0.11855872623610855
511	0.023217686237648062	0.8037272987567519	0.06588734958366423	0.10716766542193579
512	0.16818309433691547	0.705757759967444	0.0649326529725009	0.06112649272313951
513	0.8216549829219751	0.025508470876989424	0.07376837345201202	0.07906817274902342
514	0.6166280865549588	0.07293612005255685	0.09506082575576526	0.21537496763671898
515	0.0017272386408046876	0.055694936394782985	0.0027840718064047103	0.9397937531580076
516	0.17164002139439816	0.3801980832917995	0.09878925230914896	0.34937264300465354
517	0.047934062323645145	0.2282204012230328	0.3894021772571102	0.334443359196212
518	0.0023546345066010207	0.1536142754004517	0.003645527641912447	0.8403855624510348
519	0.004365916968429304	0.541250374661647	0.006055909289188643	0.44832779908073506
520	0.3927461277042531	0.2657437889396683	0.17425876780146032	0.16725131555461825
521	0.3927461277042531	0.2657437889396683	0.17425876780146032	0.16725131555461825
522	0.3303257301936849	0.013825688949368148	0.6455243910508001	0.010324189806146867
523	0.12301596839333534	0.6611579929284988	0.0701016733403591	0.1457243653378069
524	0.7747202199373845	0.03789395485630999	0.1656730467561278	0.021712778450177765
525	0.5997667355309837	0.05663084548581064	0.31244688666965065	0.031155532313555064
526	0.0015938609011863245	0.033643912660889924	0.0026521873334155294	0.9621100391045082
527	0.7739375214891446	0.006619463566046107	0.21508787322515496	0.004355141719654208
528	0.0018499518806710392	0.035745196463457474	0.004038316122572136	0.9583665355332994
529	0.01697198790742718	0.2823763755436165	0.01890702880369826	0.681744607745258
530	0.9531331159587563	0.0033266244987407326	0.04148659378852058	0.002053665753982438
531	0.0016020911051658894	0.034096912095782535	0.0026841457390395155	0.9616168510600122
532	0.0015938609011863245	0.033643912660889924	0.0026521873334155294	0.9621100391045082
533	0.04475437985459777	0.29026992135320007	0.13132334500481868	0.5336523537873835
534	0.7196306261250307	0.012919211261848643	0.2548238755671581	0.012626287045962534
535	0.07082985944221581	0.78846234280615	0.037662719331345774	0.10304507842028843
536	0.20501165696649593	0.09935542485022643	0.3293638089345145	0.3662691092487631
537	0.001997156854096817	0.03849690633205168	0.00307153396519413	0.9564344028486573
538	0.6222360043871099	0.18900723571947523	0.10255876120145141	0.08619799869196348
539	0.0015506019000521318	0.030558474931715852	0.0025198629929910118	0.965371060175241
540	0.0761365973751733	0.09611054078561827	0.43109334073578087	0.39665952110342756
541	0.005231579337652396	0.10197237109008883	0.005963834485409945	0.8868322150868488
542	0.0015506019000521318	0.030558474931715852	0.0025198629929910118	0.965371060175241
543	0.5263908385876687	0.0679567784238099	0.2570081002896812	0.14864428269884034
544	0.4703008338392428	0.008071481582849285	0.5138799271990169	0.00774775737889108
545	0.004565550684701544	0.1709775928902679	0.006647169956917132	0.8178096864681135
546	0.4578009358029621	0.030775810492925652	0.4780425332846219	0.03338072041949046
547	0.7048923447541837	0.03343394759293329	0.20094478053264195	0.06072892712024105
548	0.020058490867747948	0.1211626742029491	0.020913519023692113	0.8378653159056109
549	0.10225812576912108	0.07602333117005844	0.5872281900767746	0.23449035298404572
550	0.004737592512819267	0.9356299237768667	0.005382747396848451	0.05424973631346565
551	0.0016035465498280435	0.038829032534532334	0.0025945624753111666	0.9569728584403284
552	0.36828561403422194	0.11870725499156655	0.4664741295061183	0.046533001468093284
553	0.9206575130348665	0.008910872978691383	0.05998291702927205	0.010448696957169953
554	0.9531331159587563	0.0033266244987407326	0.04148659378852058	0.002053665753982438
555	0.08317158290877082	0.009986478918633142	0.9008167926206241	0.006025145551972083
556	0.15098615465176052	0.05837015332788846	0.6512324838710613	0.1394112081492898
557	0.004772821349303236	0.603309793433194	0.0065906780565462425	0.38532670716095657
558	0.3316515178891443	0.19794048653501892	0.14622346031885902	0.3241845352569779
559	0.002296885760304746	0.03635841689412617	0.0030522266613374027	0.9582924706842316
560	0.05100799928228809	0.004355074103259544	0.9412101082789108	0.0034268183355415263
561	0.004889362623180153	0.33530067863932833	0.008107121428286736	0.6517028373092049
562	0.07924773371118736	0.42596557865625356	0.04778153378815834	0.4470051538444008
563	0.11213886393333683	0.09940532618685763	0.05531681272881205	0.7331389971509935
564	0.0015506019000521318	0.030558474931715852	0.0025198629929910118	0.965371060175241
565	0.009692006729776367	0.057106043849196805	0.007936849578914341	0.9252650998421126
566	0.6936971337572618	0.02988651726187712	0.2487291922027964	0.02768715677806477
567	0.4321852213185591	0.12181369459566181	0.3668127413924906	0.07918834269328846
568	0.16913462694397977	0.36515510980315297	0.10021321349942823	0.365497049753439
569	0.03681681805699057	0.815017345983529	0.031078606484767738	0.11708722947471267
570	0.11685357850710536	0.027099875121373115	0.8258978103715069	0.030148736000014515
571	0.2667487164408465	0.03608003065165034	0.6285642011083687	0.06860705179913437
572	0.8831146783909677	0.013587889710517786	0.09410802359644214	0.009189408302072332
573	0.001713940932088957	0.0365959943473314	0.0027512058735655316	0.9589388588470141
574	0.9319757416987398	0.003746177778449694	0.06190627836463435	0.0023718021581761966
575	0.0023795711306246305	0.036743914997288525	0.003099169395519825	0.957777344476567
576	0.009692006729776367	0.057106043849196805	0.007936849578914341	0.9252650998421126
577	0.42821575476643886	0.07749045413010425	0.30877010542356725	0.18552368567988958
578	0.9624658972735742	0.0026928236946266483	0.03326114803004868	0.001580131001750426
579	0.006384361238707885	0.9067044721167282	0.009185138184182888	0.07772602846038106
580	0.5051954035731174	0.11503499997626797	0.328119361007637	0.05165023544297752
581	0.0040141733962971715	0.9220017393620931	0.0056067219005414455	0.06837736534106824
582	0.001858817514501511	0.07956161230436948	0.002944448134339828	0.9156351220467892
583	0.003735063812690704	0.9177440877467441	0.004592054509761256	0.07392879393080384
584	0.0018111694074588816	0.060776198022129246	0.003077153684487108	0.9343354788859248
585	0.7049785651328679	0.056278355917023876	0.1231297796711606	0.11561329927894763
586	0.003945860682731467	0.41732144623369377	0.006099920496954016	0.5726327725866207
587	0.731620274689585	0.05725089273330545	0.09430042768468166	0.116828404892428
588	0.003377182160550699	0.04918140832018091	0.00636409175178031	0.941077317767488
589	0.8388007144573453	0.023679574567160168	0.11606722038182776	0.021452490593666787
590	0.04749998713500588	0.31037145256124843	0.043308602006761364	0.5988199582969843
591	0.08625169708058018	0.15354389969524007	0.2060708296269852	0.5541335735971945
592	0.8388007144573453	0.023679574567160168	0.11606722038182776	0.021452490593666787
593	0.12530819282544153	0.1613526906602918	0.15078116469720865	0.562557951817058
594	0.0695084391440719	0.2735644277087717	0.05374807692792201	0.6031790562192345
595	0.12119547610469504	0.1395608471597029	0.33414620741344186	0.4050974693221602
596	0.04877541486827974	0.1512969579535746	0.04137396202068772	0.7585536651574579
597	0.8388007144573453	0.023679574567160168	0.11606722038182776	0.021452490593666787
598	0.13489408664022398	0.6104794026064717	0.07950041059279063	0.1751261001605137
599	0.29177348718258694	0.12686982615571557	0.28839173587745304	0.29296495078424456
600	0.21837843000705875	0.2745926551977838	0.2716551962944658	0.23537371850069178
601	0.17836161526936758	0.07668939437259967	0.6118872605430555	0.1330617298149772
602	0.023232786338321296	0.12541947536364448	0.025732293208215077	0.8256154450898192
603	0.12078931543271372	0.17910683020042764	0.07818194432202026	0.6219219100448384
604	0.06173827450707014	0.38367624457456984	0.05877492740734439	0.4958105535110156
605	0.20585244537113978	0.31587229498177066	0.25529882251941877	0.2229764371276707
606	0.06439277050280512	0.3788573989440808	0.0744365413962066	0.48231328915690747
607	0.10967084877201609	0.14180396527086345	0.40775446939370374	0.34077071656341673
608	0.7294346471115529	0.05685398670277593	0.18570174965576575	0.02800961652990537
609	0.25516835907924523	0.10082208926324289	0.2274035363804183	0.41660601527709373
610	0.7857411153908815	0.01747165295110713	0.18096101858284455	0.01582621307516682
611	0.02188315021093767	0.15354964536115204	0.022347718683267903	0.8022194857446424
612	0.5690269772244209	0.020008891066496632	0.39193773716814184	0.01902639454094068
613	0.022830595709284425	0.5691458316196283	0.023069475637308972	0.3849540970337783
614	0.8849457804288743	0.018237314058457847	0.08200921416884638	0.014807691343821386
615	0.8898990335847455	0.0169846129048156	0.07867874898569424	0.014437604524744728
616	0.8898990335847455	0.0169846129048156	0.07867874898569424	0.014437604524744728
617	0.08759547970336037	0.2290563347062257	0.48085907664360705	0.2024891089468068
618	0.025092612207442352	0.18066055033772038	0.05167804953363017	0.7425687879212071
619	0.6621323799421988	0.08944636797954773	0.18529840050676566	0.06312285157148793
620	0.004378379042033644	0.43766053529565513	0.0061384902927482735	0.551822595369563
621	0.07103728143666657	0.30111584269385566	0.1495040552825437	0.4783428205869341
622	0.031789803873001045	0.1675364960409278	0.0441612737610196	0.7565124263250516
623	0.09231752267493319	0.06879419150429439	0.6599209810052606	0.17896730481551185
624	0.0017522032613212727	0.06092919987793331	0.0028023214143441406	0.9345162754464013
625	0.4318534542201653	0.0144137312820917	0.5370943854865068	0.01663842901123619
626	0.7653503621997535	0.11284036062064128	0.08699284007700206	0.03481643710260316
627	0.05945568973029305	0.006176350614508754	0.9304297040807984	0.0039382555743997585
628	0.03557311910407397	0.09591861745119011	0.11007112964613425	0.7584371337986017
629	0.005693049015306064	0.7623298984938034	0.007904807160858673	0.22407224533003192
630	0.007791703761155774	0.24946155262960218	0.01702955042339593	0.7257171931858462
631	0.004988293613779229	0.6450017785132296	0.006845324162399328	0.3431646037105919
632	0.6947448962041561	0.025451581971209374	0.23172511414892602	0.04807840767570852
633	0.06551323545582392	0.004742102811520326	0.926054310573976	0.003690351158679726
634	0.0016475262445543436	0.035749775518650946	0.0028711444581836073	0.9597315537786112
635	0.5183883741540877	0.006369180408249937	0.47098629742380027	0.004256148013862036
636	0.27604581887636737	0.008012188567425027	0.7102000344960335	0.005741958060174142
637	0.9348419666525513	0.0042559382638163975	0.0588897501601465	0.002012344923485765
638	0.0017360603735352355	0.05846550269319471	0.0027799649274241967	0.9370184720058459
639	0.9624658972735742	0.0026928236946266483	0.03326114803004868	0.001580131001750426
640	0.11238153316102945	0.10301329309446389	0.055389869302585125	0.7292153044419215
641	0.07124671032769733	0.19776997375394406	0.47250819035291214	0.25847512556544644
642	0.4538847668957949	0.130741749541139	0.26329995473429857	0.15207352882876768
643	0.16537912820810505	0.6220614964413033	0.08600178477261766	0.12655759057797408
644	0.7320520479993033	0.006710309295188692	0.2568422393108335	0.004395403394674538
645	0.3003093190826185	0.14681443787594506	0.2655149871499955	0.287361255891441
646	0.03547882374943687	0.08411625574734755	0.11056358637565901	0.7698413341275566
647	0.06423687893810118	0.1195783043727957	0.027935163548123067	0.7882496531409801
648	0.09752912093284445	0.09072225152446066	0.0340770243159932	0.7776716032267017
649	0.28432906039363026	0.07523193141224412	0.47980045054578657	0.16063855764833906
650	0.06866840424533853	0.07688840540897515	0.6323464407671969	0.22209674957848932
651	0.002734018399190942	0.08090853310048927	0.004095316746276843	0.9122621317540429
652	0.0050650372813672954	0.6385216750501858	0.007021434461290361	0.34939185320715666
653	0.405916152551687	0.0077864522711257106	0.5811146758042286	0.005182719372958731
654	0.0059936823582497625	0.7059111056161836	0.008281239745610649	0.279813972279956
655	0.015196279402267573	0.40825142677420995	0.019175986140020775	0.5573763076835017
656	0.05609297334673982	0.29471235677713054	0.09621812972973381	0.5529765401463957
657	0.7355291366243997	0.057841682617757656	0.09194870720190539	0.1146804735559373
658	0.044213946649509984	0.004565804695760975	0.9477377355968124	0.0034825130579165583
659	0.031055613169973163	0.08198978213207092	0.09773839784891515	0.7892162068490408
660	0.001997156854096817	0.03849690633205168	0.00307153396519413	0.9564344028486573
661	0.6588560149647572	0.060325808864125884	0.15632682622794034	0.12449134994317673
662	0.33729436795329976	0.20411891805229343	0.38632898432748825	0.0722577296669186
663	0.33987886387983035	0.3528090448966163	0.08419484663681943	0.22311724458673396
664	0.002817046541677134	0.22298791676907798	0.0045882018084968815	0.769606834880748
665	0.0016337666072654402	0.04353598149639559	0.002637176222365549	0.9521930756739735
666	0.2568222205289231	0.05956556656872278	0.5466958226796265	0.13691639022272778
667	0.0031234261134146686	0.09399972371417036	0.009221650235180111	0.8936551999372349
668	0.5120912150828473	0.010270468659253374	0.47248820749482767	0.005150108763071664
669	0.9298637360280602	0.0029829086323932127	0.06537788225402194	0.0017754730855246983
670	0.0031289527042980855	0.30579479134766874	0.004547065690971101	0.686529190257062
671	0.044207588871209826	0.4520687194658657	0.04133035225283847	0.46239333941008604
672	0.0015506019000521318	0.030558474931715852	0.0025198629929910118	0.965371060175241
673	0.8911124935765994	0.013068282715730208	0.08701794663092141	0.008801277076748965
689	0.019378688695735388	0.09627945697520844	0.029790511402713438	0.8545513429263428
690	0.10288504889282861	0.2103255743718228	0.0780588040659955	0.6087305726693532
691	0.22383431273840013	0.45353079342338926	0.09569864733483417	0.22693624650337643
692	0.8911288176740706	0.016236616767995565	0.07835149318719585	0.014283072370738002
693	0.015087783817339743	0.10895964744597592	0.01704342879238565	0.8589091399442987
694	0.01619391333736318	0.08671361489330354	0.020734096095261813	0.8763583756740715
695	0.20459708950242653	0.6018632548220324	0.08470521294879735	0.10883444272674385
696	0.028742958998550863	0.5346950578844335	0.03806815430699279	0.39849382881002293
697	0.01427525247487206	0.07271276603603984	0.016227088931765672	0.8967848925573224
698	0.16712740536095133	0.10015748534880647	0.49000069311390687	0.24271441617633538
699	0.10172852975287672	0.12261472398045645	0.11579960505793392	0.6598571412087328
700	0.3397908241457885	0.022561732421822012	0.6153120669089621	0.02233537652342735
701	0.050972109866454444	0.11633393221514945	0.06893288829370134	0.7637610696246947
702	0.14423451037604273	0.5612579230971597	0.07630627078292233	0.2182012957438752
703	0.5314957163149412	0.021316005001748836	0.4270656728817689	0.02012260580154107
704	0.12103112105581774	0.11367323554332538	0.6417211712628547	0.12357447213800217
705	0.8911288176740706	0.016236616767995565	0.07835149318719585	0.014283072370738002
706	0.39552424817845927	0.030666609687755315	0.5420124047216279	0.03179673741215747
707	0.11809272006359756	0.7005405439205358	0.061702402461727916	0.11966433355413884
708	0.8673551577912386	0.019780932983133426	0.09493600283191547	0.017927906393712573
709	0.05713450048960756	0.13198633884405955	0.21574176238995196	0.5951373982763809
710	0.01771547456810026	0.08890468054371183	0.019469461637541614	0.8739103832506463
711	0.5314957163149412	0.021316005001748836	0.4270656728817689	0.02012260580154107
712	0.13932979577418314	0.025932101587748255	0.8079129982341111	0.02682510440395757
713	0.03957695639826077	0.11674926783900325	0.035366865864439774	0.8083069098982962
714	0.6524525994277239	0.05062145747910715	0.23404723778600597	0.06287870530716298
715	0.6440162122141998	0.02454365545848766	0.3093470380088418	0.022093094318470834
716	0.01838706394606915	0.15664747182819747	0.02088314999635679	0.8040823142293766
717	0.14996858530936372	0.04773920059884431	0.7370809236894696	0.0652112904023224
718	0.2616278685902451	0.054656079555211075	0.6110547834318107	0.07266126842273304
719	0.8882178638494038	0.016682522052449633	0.08048949562658551	0.014610118471561172
720	0.18613502557262296	0.03030323802527975	0.7505495457547702	0.03301219064732719
721	0.03235892285638415	0.8165378128239327	0.029259215434199678	0.12184404888548354
722	0.03020650296603206	0.8116350533362996	0.03318984992995272	0.1249685937677155
723	0.11202161560198852	0.09110555505679153	0.5599774934929393	0.2368953358482806
724	0.27106101616687256	0.023819836329175153	0.6812577677894127	0.023861379714539614
725	0.5028567548682032	0.2401221545059118	0.17906678624407088	0.0779543043818141
726	0.024124112445462812	0.8856621857700463	0.029452495761323024	0.060761206023167695
727	0.04236586223473009	0.0042982961397161545	0.9499328572524014	0.0034029843731523957
728	0.20303381987341676	0.5605175151587083	0.05408278906480749	0.1823658759030675
729	0.11909258920353932	0.15128034699746395	0.061635039318897425	0.6679920244800993
730	0.0015506019000521318	0.030558474931715852	0.0025198629929910118	0.965371060175241
731	0.003175992299847615	0.04887262585470806	0.006782082587778228	0.9411692992576661
732	0.010506778518948122	0.41696650607109204	0.016163101947793888	0.556363613462166
733	0.058115276009033066	0.06698413504462421	0.8068264240789589	0.06807416486738385
734	0.138560123972275	0.5713275388301521	0.06045429295164988	0.22965804424592318
735	0.0037605461454375106	0.9043528459591357	0.004650578246628261	0.08723602964879848
736	0.9624658972735742	0.0026928236946266483	0.03326114803004868	0.001580131001750426
737	0.7138281494724695	0.05516135538491258	0.17225840048579383	0.058752094656824023
738	0.7138281494724695	0.05516135538491258	0.17225840048579383	0.058752094656824023
739	0.7138281494724695	0.05516135538491258	0.17225840048579383	0.058752094656824023
740	0.7138281494724695	0.05516135538491258	0.17225840048579383	0.058752094656824023
741	0.05873536108460342	0.16109187198879504	0.05627642007155315	0.7238963468550483
742	0.2664504159928	0.07232585715898929	0.5740637395772769	0.08715998727093388
743	0.05873536108460342	0.16109187198879504	0.05627642007155315	0.7238963468550483
744	0.03334542118059308	0.24877018459285288	0.03571919228460637	0.6821652019419477
745	0.04051865036637392	0.529106555381764	0.04089035954235092	0.3894844347095113
746	0.8132921108849391	0.026629169969307986	0.13642636250489956	0.02365235664085331
747	0.04051865036637392	0.529106555381764	0.04089035954235092	0.3894844347095113
748	0.023463987126870228	0.1264627280220539	0.026375897050322266	0.8236973878007536
749	0.023463987126870228	0.1264627280220539	0.026375897050322266	0.8236973878007536
750	0.10855913762277766	0.5207059868531201	0.07384967058821573	0.29688520493588655
751	0.09653718441452815	0.25742150146271014	0.06914344814040554	0.5768978659823562
752	0.270598904314148	0.35091315880972146	0.25325859858737854	0.12522933828875196
753	0.5741333012363515	0.027891489943101044	0.37254599771734515	0.025429211103202263
754	0.7686357276350735	0.023052224601774293	0.18810449618470432	0.020207551578447957
755	0.270598904314148	0.35091315880972146	0.25325859858737854	0.12522933828875196
756	0.7522519429702549	0.04620408107177055	0.14531749946629605	0.056226476491678556
757	0.8533438113221774	0.019911936016753874	0.10954282228399873	0.017201430377070004
758	0.5745587931485047	0.06400717649886778	0.2759249394971602	0.08550909085546754
759	0.5741333012363515	0.027891489943101044	0.37254599771734515	0.025429211103202263
760	0.01713114698532387	0.10139818751439172	0.01974138394636321	0.8617292815539211
761	0.5741333012363515	0.027891489943101044	0.37254599771734515	0.025429211103202263
762	0.7686357276350735	0.023052224601774293	0.18810449618470432	0.020207551578447957
763	0.09628213859237184	0.520221526288572	0.06934594790754874	0.31415038721150734
764	0.7351846894484984	0.0504681152527823	0.14909694870936846	0.06525024658935101
765	0.5721971733126909	0.06829937690862349	0.2630341196670546	0.09646933011163122
766	0.39227795320057696	0.2288295860804817	0.13419221051707653	0.24470025020186478
767	0.7686357276350735	0.023052224601774293	0.18810449618470432	0.020207551578447957
768	0.2437230617825352	0.1308756749421368	0.23080384378639238	0.39459741948893573
769	0.01713114698532387	0.10139818751439172	0.01974138394636321	0.8617292815539211
770	0.3416286650302312	0.14978801761116145	0.12359810932048482	0.3849852080381225
771	0.16544143131942265	0.3460829055833377	0.35901967873281715	0.12945598436442254
772	0.020846210842370816	0.19204017825512365	0.02353664427508723	0.7635769666274183
773	0.7686357276350735	0.023052224601774293	0.18810449618470432	0.020207551578447957
774	0.39425204141883413	0.24064035783589016	0.13424599445410257	0.23086160629117314
775	0.7503118808211134	0.0655501476345754	0.14452035084717202	0.03961762069713932
776	0.02759183922125634	0.4485954585202455	0.029438688065434336	0.49437401419306376
777	0.5741333012363515	0.027891489943101044	0.37254599771734515	0.025429211103202263
778	0.8533438113221774	0.019911936016753874	0.10954282228399873	0.017201430377070004
779	0.10855913762277766	0.5207059868531201	0.07384967058821573	0.29688520493588655
780	0.06564290052586953	0.6617977001923042	0.09219531472711234	0.18036408455471398
781	0.030483388240084383	0.6627327607148933	0.030758037394186657	0.2760258136508357
782	0.4844835846859387	0.02861494224717883	0.46030403111333745	0.026597441953545155
783	0.10855913762277766	0.5207059868531201	0.07384967058821573	0.29688520493588655
784	0.09085849501030124	0.6753083921921079	0.06302999650626562	0.17080311629132522
785	0.030771454492375058	0.777924795127898	0.029949743000127028	0.16135400737959993
786	0.060852649128962516	0.6796670605550824	0.08106061176146347	0.1784196785544917
787	0.030378019064947973	0.6431341530397646	0.030818198921835092	0.2956696289734523
788	0.4244451028210082	0.3132815429701886	0.15504180029276987	0.1072315539160333
789	0.05785889749768411	0.25150986430889133	0.09334808230467327	0.5972831558887514
790	0.23026967641023155	0.13085153668603555	0.24247334828659534	0.39640543861713756
791	0.01713114698532387	0.10139818751439172	0.01974138394636321	0.8617292815539211
792	0.030483388240084383	0.6627327607148933	0.030758037394186657	0.2760258136508357
793	0.01713114698532387	0.10139818751439172	0.01974138394636321	0.8617292815539211
794	0.05456378820332805	0.1375908588044556	0.04534929377098331	0.7624960592212331
795	0.5936094758723582	0.09247901544434085	0.25777308987310965	0.0561384188101913
796	0.020846210842370816	0.19204017825512365	0.02353664427508723	0.7635769666274183
797	0.030483388240084383	0.6627327607148933	0.030758037394186657	0.2760258136508357
798	0.020354106173702168	0.17763198908009695	0.02305983488324379	0.7789540698629571
799	0.020354106173702168	0.17763198908009695	0.02305983488324379	0.7789540698629571
800	0.12784895116007475	0.23526618178011435	0.35345207278021956	0.28343279427959145
801	0.270598904314148	0.35091315880972146	0.25325859858737854	0.12522933828875196
802	0.7686357276350735	0.023052224601774293	0.18810449618470432	0.020207551578447957
803	0.7351846894484984	0.0504681152527823	0.14909694870936846	0.06525024658935101
804	0.16291547518716104	0.028263228593252365	0.7799209530481008	0.028900343171485803
805	0.0361980922660632	0.13328266229841593	0.05583162333394671	0.7746876221015742
806	0.5741333012363515	0.027891489943101044	0.37254599771734515	0.025429211103202263
807	0.09653718441452815	0.25742150146271014	0.06914344814040554	0.5768978659823562
808	0.16291547518716104	0.028263228593252365	0.7799209530481008	0.028900343171485803
809	0.030483388240084383	0.6627327607148933	0.030758037394186657	0.2760258136508357
810	0.10900193968510623	0.149466366624035	0.31299326548441886	0.4285384282064399
811	0.7686357276350735	0.023052224601774293	0.18810449618470432	0.020207551578447957
812	0.3127350684655082	0.06756414225157811	0.5248398586365793	0.0948609306463345
813	0.030378019064947973	0.6431341530397646	0.030818198921835092	0.2956696289734523
814	0.7686357276350735	0.023052224601774293	0.18810449618470432	0.020207551578447957
815	0.7522519429702549	0.04620408107177055	0.14531749946629605	0.056226476491678556
816	0.05785889749768411	0.25150986430889133	0.09334808230467327	0.5972831558887514
817	0.03955920855380579	0.13674363590821348	0.06404873371518688	0.7596484218227939
818	0.7655309510923624	0.0571065196647514	0.1410934360931079	0.03626909314977831
819	0.06564290052586953	0.6617977001923042	0.09219531472711234	0.18036408455471398
820	0.020354106173702168	0.17763198908009695	0.02305983488324379	0.7789540698629571
821	0.7655309510923624	0.0571065196647514	0.1410934360931079	0.03626909314977831
822	0.03334542118059308	0.24877018459285288	0.03571919228460637	0.6821652019419477
823	0.1742817490499522	0.12776303924908636	0.4542610160226904	0.24369419567827114
824	0.38168193294834984	0.039256841199787625	0.5402539785840816	0.038807247267781016
825	0.8132921108849391	0.026629169969307986	0.13642636250489956	0.02365235664085331
826	0.10728065219694087	0.1555636485225251	0.16017047968786302	0.5769852195926711
827	0.19609002311294774	0.18347466334722903	0.4825317183233288	0.13790359521649445
828	0.8132921108849391	0.026629169969307986	0.13642636250489956	0.02365235664085331
829	0.8132921108849391	0.026629169969307986	0.13642636250489956	0.02365235664085331
830	0.21207007382701692	0.038413389850401214	0.7094465275700262	0.04007000875255557
831	0.6723221558500214	0.035037388626094686	0.26001910014113194	0.03262135538275199
832	0.21207007382701692	0.038413389850401214	0.7094465275700262	0.04007000875255557
833	0.24513564284744968	0.4491397086796096	0.13367678296287366	0.172047865510067
834	0.6723221558500214	0.035037388626094686	0.26001910014113194	0.03262135538275199
835	0.8132921108849391	0.026629169969307986	0.13642636250489956	0.02365235664085331
836	0.38168193294834984	0.039256841199787625	0.5402539785840816	0.038807247267781016
837	0.8132921108849391	0.026629169969307986	0.13642636250489956	0.02365235664085331
838	0.7655309510923624	0.0571065196647514	0.1410934360931079	0.03626909314977831
839	0.08572152184399372	0.2701953447803405	0.0648061580954787	0.5792769752801871
840	0.1112897189751926	0.7371130190035161	0.04675883309671212	0.10483842892457909
841	0.027619308529162685	0.10562014455575469	0.09560777656164235	0.7711527703534402
842	0.007971281531530651	0.07451262046547032	0.008955210193473227	0.9085608878095258
843	0.2219310807838732	0.129302615817872	0.14947986525706725	0.4992864381411875
844	0.004434282996142443	0.06824789629178801	0.009804718947963269	0.9175131017641063
845	0.16732128041992195	0.6693325954767346	0.07111582482189722	0.09223029928144627
846	0.30950553013711407	0.12349651051255801	0.11233224119137016	0.4546657181589578
847	0.14495553812243903	0.20017284519082723	0.07171482897401053	0.5831567877127233
848	0.9417364150209583	0.003477122691311371	0.05279092158647052	0.0019955407012597947
849	0.004995641638342398	0.8626984757812994	0.006473972168380867	0.12583191041197733
850	0.04936938591895911	0.1108148391934925	0.06702260554428478	0.7727931693432637
851	0.7675400603058015	0.08964282618991551	0.12243295293686551	0.020384160567417528
852	0.0015842827374253545	0.03294326503080314	0.0025798156318005442	0.9628926365999709
853	0.8503794334036211	0.014688461331513691	0.12679601619068134	0.008136089074183893
854	0.05333195243929274	0.313875571678483	0.024517561078942603	0.6082749148032817
855	0.9375449011230831	0.003103898646261736	0.05751938718240096	0.0018318130482541993
856	0.6179366154431652	0.025430623091266837	0.3437635487682544	0.012869212697313467
890	0.35921591745509573	0.3517726791505761	0.09768638294658243	0.1913250204477458
891	0.9624658972735742	0.0026928236946266483	0.03326114803004868	0.001580131001750426
892	0.0015506019000521318	0.030558474931715852	0.0025198629929910118	0.965371060175241
893	0.04236586223473009	0.0042982961397161545	0.9499328572524014	0.0034029843731523957

