Index	A	C	G	T
1	2.953983110641071E-4	0.0140204665975965	5.989899422242148E-4	0.9850851451491152
2	2.953983110641071E-4	0.0140204665975965	5.989899422242148E-4	0.9850851451491152
3	0.5254657167067954	0.01964737075064854	0.4489625019638048	0.005924410578751076
4	0.9837096503993774	6.581906332155365E-4	0.015331617416254512	3.0054155115255554E-4
5	0.9837096503993774	6.581906332155365E-4	0.015331617416254512	3.0054155115255554E-4
6	0.9528152123233378	9.909742487194573E-4	0.04573425054061449	4.595628873283934E-4
7	0.1424357122099606	0.3277239516221567	0.4959325014297788	0.03390783473810387
8	0.44538847419299304	0.003688195782461359	0.5485804172320861	0.0023429127924594747
9	0.01858245346078225	0.0010542216037574444	0.9796812519239672	6.820730114930999E-4
10	0.05344860459485643	0.16533606281410804	0.7594555060405698	0.021759826550465686
49	7.857533102024575E-4	0.9824525067630994	0.0013503674359900543	0.015411372490708081
50	0.001951913166069618	0.5589593014531297	0.003281397930125342	0.43580738745067543
51	0.03432808833795449	0.0046157523167362855	0.9594879695848787	0.00156818976043051
52	0.01019215572923569	0.11485674121964362	0.10642251936130703	0.7685285836898137
53	0.015916513988677154	9.984269738497306E-4	0.9824306975582451	6.543614792279498E-4
54	0.06731095427059912	0.005612450346681754	0.9251716765013143	0.0019049188814048586
55	0.08001102748694044	0.001452892902438153	0.9176689431705979	8.671364400234511E-4
56	3.400851149352838E-4	0.02316111602298644	7.312115483232368E-4	0.975767587313755
58	0.0237418897167191	0.09638382186769873	0.0909444199749834	0.7889298684405988
59	0.0623946597282201	0.07615271806355127	0.4331078183802278	0.4283448038280008
60	0.28605944597358135	0.03753047481803206	0.6628568757205381	0.01355320348784859
61	0.20798715393064085	0.08457323195531664	0.2606700342529123	0.4467695798611303
62	0.8618353716406102	0.058553439507663646	0.06509349289833774	0.01451769595338847
63	0.0029461524374736793	0.6461687949072107	0.004586012147832327	0.34629904050748334
64	0.0015351379428878873	0.9710515726973707	0.0020622412096728696	0.025351048150068483
65	0.0024442262984637328	0.9663399770556458	0.002798686397991778	0.02841711024789875
66	0.9134332496438364	0.0031932004002088424	0.08132912854783249	0.002044421408122206
67	0.001002027175579325	0.9455377481744355	0.0018292656093737132	0.05163095904061158
68	0.01856087396697116	0.8299454925183227	0.01137431279078633	0.14011932072391978
69	8.367739193246418E-4	0.9454516738432934	0.0012559736502995918	0.052455578587082226
70	0.025138727430430805	0.7383172426491789	0.009622940543968677	0.22692108937642166
71	0.007731503664825873	0.6338786293069341	0.03165187139329875	0.32673799563494127
72	0.4227771613272298	0.002630602069193985	0.5734996551692323	0.001092581434343866
73	0.1319965568056778	0.0385788403396342	0.8239243214382198	0.005500281416468239
74	0.03727838900508638	0.002061325570577134	0.9595296814446216	0.0011306039797148702
75	0.06193613525066538	0.06368878894129176	0.627068118755152	0.24730695705289094
85	0.009552763599187497	0.8451234700936007	0.007537284601016887	0.137786481706195
86	6.981596627935365E-4	0.9836287044790107	9.87288617794269E-4	0.014685847240401478
87	0.0022432530395992507	0.9319334672285853	0.004513010300485153	0.06131026943133037
88	0.46351359221952027	0.27158684136760797	0.12380328529091658	0.14109628112195532
89	0.0030304425221869685	0.9662521373742765	0.002922492527133262	0.027794927576403273
90	0.00834340414771579	0.11079033363488601	0.07707469518577902	0.8037915670316192
91	0.005015623891918507	0.08033500357222988	0.03746212540370115	0.8771872471321505
92	0.05389116438652428	0.003132149335773865	0.9403617612658616	0.0026149250118403665
93	0.15355372334469577	0.004274720493030876	0.838930338165762	0.003241217996511352
94	0.016203832933288302	0.8895816853189465	0.011634654154493747	0.08257982759327144
95	0.2884490259596443	0.028904202045226368	0.6692427567940584	0.013404015201070985
96	0.04459169302308293	0.0013027893629299462	0.9533051581243375	8.003594896496424E-4
97	0.0012625385500596843	0.9440337048504722	0.0021473921020718338	0.0525563644973964
98	0.03250971710303291	0.17772248218480333	0.1315306326577899	0.6582371680543739
99	0.3210738771156289	0.49395864331619105	0.06186606683411509	0.12310141273406491
100	0.04605954989360979	0.0012985837020550478	0.951847183354117	7.946830502181582E-4
101	0.001330841956005936	0.2761625010950989	0.002811859291423742	0.7196947976574715
102	0.9167333198918325	0.0011807310391614729	0.08152193911365672	5.640099553493121E-4
103	0.036261907741624834	0.7798915296362833	0.12608360079128586	0.05776296183080599
104	0.01658330483306265	0.06225420253801896	0.0695839172970475	0.8515785753318709
105	0.002934357353888499	0.9579743019513045	0.007630550212165059	0.03146079048264194
106	0.057449928570703745	0.08685638087028726	0.13749006980514183	0.7182036207538672
107	0.017588334201552685	0.0013263234751327547	0.9803303249518623	7.550173714523279E-4
108	0.024012985845726385	0.008308515605653764	0.9650612806323031	0.002617217916316805
109	0.10582004569119065	0.06398509344973387	0.4564101885053537	0.37378467235372187
110	0.5848512671088182	0.058065847838766727	0.30493841526201765	0.052144469790397496
111	0.008171129643407547	0.39527833457418005	0.007683586793318841	0.5888669489890936
112	0.017930671399685887	0.7813397655526682	0.03142278238966559	0.16930678065798052
113	0.04072829414003894	0.13621325733474263	0.479968758857433	0.3430896896677854
114	0.004064691970923881	0.4906764834376694	0.0047182564574539355	0.5005405681339528
115	0.047180486239209805	0.0027881688349280184	0.9474326431647355	0.0025987017611267317
116	0.15664396821314916	0.011720571381202112	0.8265982175153564	0.0050372428902923675
117	0.01585260804654322	0.23623844495103	0.02261568491279372	0.7252932620896331
118	0.9816442673645543	6.866356362593419E-4	0.017356847375087227	3.122496240990259E-4
119	0.0014761476939442364	0.9746259443751074	0.002405232826814661	0.021492675104133614
120	0.0010534765823179482	0.884563373052549	0.0016724062506179673	0.11271074411451529
121	0.0011823438949772034	0.08180743167406736	0.0019032931044951182	0.9151069313264603
127	0.001382413926321105	0.34520511639438595	0.002423874784906855	0.6509885948943861
128	0.011368183626125558	0.3137678121907519	0.009841750359605167	0.6650222538235174
129	0.05561678908260642	0.0012860205558738456	0.9423074719370713	7.897184244484108E-4
130	3.3088039263677355E-4	0.023096128329571607	6.644300854641358E-4	0.9759085611923275
131	0.3627102256863399	0.3013821099176628	0.07095561462782776	0.2649520497681695
132	8.434323198832519E-4	0.954290055221596	0.0012708141941313112	0.043595698264389325
133	0.23922960687015424	0.002711216742840173	0.7564638817946362	0.0015952945923693592
134	7.278966962427692E-4	0.976144120977453	0.0010455805636278553	0.022082401762676458
135	0.0010428676143504987	0.9684075240647719	0.0014182856877470065	0.029131322633130625
136	0.0021547974068593647	0.2984858798386707	0.0031227042004158194	0.6962366185540542
151	0.17210152910362808	0.005013038407420801	0.8196779030520461	0.0032075294369049803
152	0.01610369769945311	0.06492382883804514	0.015252573960178173	0.9037198995023237
153	9.154964632489477E-4	0.03383742815864607	0.0017006202097527687	0.9635464551683522
154	9.154964632489477E-4	0.03383742815864605	0.0017006202097527656	0.9635464551683522
155	9.154964632489477E-4	0.03383742815864607	0.0017006202097527687	0.9635464551683522
156	0.17603197630847683	0.5703870005004698	0.10019023149265031	0.153390791698403
157	0.008160298276170489	0.6368838790455079	0.00846209553192527	0.3464937271463964
158	0.48107793278186545	0.39931949594817684	0.09404884640900654	0.025553724860951303
159	8.434323198832504E-4	0.9542900552215962	0.0012708141941313112	0.043595698264389346
160	9.260435955614556E-4	0.2768036328695163	0.0016699563218709578	0.7206003672130512
161	0.0012240653529981662	0.7680676437401922	0.002005799737518406	0.2287024911692913
162	0.005991155034034	0.9656487711481203	0.006965941136715439	0.021394132681130277
163	9.031485185695602E-4	0.878906749091786	0.0014083915172426267	0.1187817108724019
164	0.061690768066909034	0.16554198868073794	0.05860675623081201	0.714160487021541
165	0.7038831939804934	0.057390798787905706	0.17701736017483666	0.06170864705676428
166	0.7038831939804934	0.057390798787905706	0.17701736017483666	0.06170864705676428
167	0.7038831939804934	0.057390798787905706	0.17701736017483666	0.06170864705676428
168	0.09538824620038662	0.5484624559403838	0.08042124930721337	0.2757280485520162
169	0.7038831939804934	0.057390798787905706	0.17701736017483666	0.06170864705676428
170	0.7038831939804934	0.057390798787905706	0.17701736017483666	0.06170864705676428
171	0.7038831939804934	0.057390798787905706	0.17701736017483666	0.06170864705676428
172	0.061690768066909034	0.16554198868073794	0.05860675623081201	0.714160487021541
173	0.061690768066909034	0.16554198868073794	0.05860675623081201	0.714160487021541
174	0.7038831939804934	0.057390798787905706	0.17701736017483666	0.06170864705676428
175	0.7038831939804934	0.057390798787905706	0.17701736017483666	0.06170864705676428
176	0.27381622129512195	0.0748564028288515	0.5605584291422044	0.09076894673382215
177	0.7038831939804934	0.057390798787905706	0.17701736017483666	0.06170864705676428
178	0.061690768066909034	0.16554198868073794	0.05860675623081201	0.714160487021541
179	0.09538824620038662	0.5484624559403838	0.08042124930721337	0.2757280485520162
180	0.061690768066909034	0.16554198868073794	0.05860675623081201	0.714160487021541
181	0.09538824620038662	0.5484624559403838	0.08042124930721337	0.2757280485520162
182	0.061690768066909034	0.16554198868073794	0.05860675623081201	0.714160487021541
183	0.27381622129512195	0.0748564028288515	0.5605584291422044	0.09076894673382215
184	0.09538824620038662	0.5484624559403838	0.08042124930721337	0.2757280485520162
185	0.09538824620038662	0.5484624559403838	0.08042124930721337	0.2757280485520162
186	0.7038831939804934	0.057390798787905706	0.17701736017483666	0.06170864705676428
187	0.7038831939804934	0.057390798787905706	0.17701736017483666	0.06170864705676428
188	0.061690768066909034	0.16554198868073794	0.05860675623081201	0.714160487021541
189	0.27381622129512195	0.0748564028288515	0.5605584291422044	0.09076894673382215
190	0.061690768066909034	0.16554198868073794	0.05860675623081201	0.714160487021541
191	0.27381622129512195	0.0748564028288515	0.5605584291422044	0.09076894673382215
192	0.27381622129512195	0.0748564028288515	0.5605584291422044	0.09076894673382215
193	0.27381622129512195	0.0748564028288515	0.5605584291422044	0.09076894673382215
194	0.27381622129512195	0.0748564028288515	0.5605584291422044	0.09076894673382215
195	0.7038831939804934	0.057390798787905706	0.17701736017483666	0.06170864705676428
196	0.27381622129512195	0.0748564028288515	0.5605584291422044	0.09076894673382215
197	0.061690768066909034	0.16554198868073794	0.05860675623081201	0.714160487021541
198	0.7038831939804934	0.057390798787905706	0.17701736017483666	0.06170864705676428
199	0.27381622129512195	0.0748564028288515	0.5605584291422044	0.09076894673382215
200	0.061690768066909034	0.16554198868073794	0.05860675623081201	0.714160487021541
201	0.09538824620038662	0.5484624559403838	0.08042124930721337	0.2757280485520162
202	0.09538824620038662	0.5484624559403838	0.08042124930721337	0.2757280485520162
203	0.27381622129512195	0.0748564028288515	0.5605584291422044	0.09076894673382215
204	0.7038831939804934	0.057390798787905706	0.17701736017483666	0.06170864705676428
205	0.09538824620038662	0.5484624559403838	0.08042124930721337	0.2757280485520162
206	0.061690768066909034	0.16554198868073794	0.05860675623081201	0.714160487021541
207	0.09538824620038662	0.5484624559403838	0.08042124930721337	0.2757280485520162
208	0.09538824620038662	0.5484624559403838	0.08042124930721337	0.2757280485520162
209	0.27381622129512195	0.0748564028288515	0.5605584291422044	0.09076894673382215
210	0.09538824620038662	0.5484624559403838	0.08042124930721337	0.2757280485520162
211	0.7038831939804934	0.057390798787905706	0.17701736017483666	0.06170864705676428
212	0.09538824620038662	0.5484624559403838	0.08042124930721337	0.2757280485520162
213	0.09538824620038662	0.5484624559403838	0.08042124930721337	0.2757280485520162
214	0.27381622129512195	0.0748564028288515	0.5605584291422044	0.09076894673382215
215	0.7038831939804934	0.057390798787905706	0.17701736017483666	0.06170864705676428
216	0.061690768066909034	0.16554198868073794	0.05860675623081201	0.714160487021541
217	0.7038831939804934	0.057390798787905706	0.17701736017483666	0.06170864705676428
218	0.09538824620038662	0.5484624559403838	0.08042124930721337	0.2757280485520162
219	0.27381622129512195	0.0748564028288515	0.5605584291422044	0.09076894673382215
220	0.061690768066909034	0.16554198868073794	0.05860675623081201	0.714160487021541
221	0.09538824620038662	0.5484624559403838	0.08042124930721337	0.2757280485520162
222	0.27381622129512195	0.0748564028288515	0.5605584291422044	0.09076894673382215
223	0.09538824620038662	0.5484624559403838	0.08042124930721337	0.2757280485520162
224	0.7038831939804934	0.057390798787905706	0.17701736017483666	0.06170864705676428
225	0.09538824620038662	0.5484624559403838	0.08042124930721337	0.2757280485520162
226	0.09538824620038662	0.5484624559403838	0.08042124930721337	0.2757280485520162
227	0.7038831939804934	0.057390798787905706	0.17701736017483666	0.06170864705676428
228	0.27381622129512195	0.0748564028288515	0.5605584291422044	0.09076894673382215
229	0.061690768066909034	0.16554198868073794	0.05860675623081201	0.714160487021541
230	0.7038831939804934	0.057390798787905706	0.17701736017483666	0.06170864705676428
231	0.27381622129512195	0.0748564028288515	0.5605584291422044	0.09076894673382215
232	0.7038831939804934	0.057390798787905706	0.17701736017483666	0.06170864705676428
233	0.09538824620038662	0.5484624559403838	0.08042124930721337	0.2757280485520162
234	0.09538824620038662	0.5484624559403838	0.08042124930721337	0.2757280485520162
235	0.27381622129512195	0.0748564028288515	0.5605584291422044	0.09076894673382215
236	0.27381622129512195	0.0748564028288515	0.5605584291422044	0.09076894673382215
237	0.061690768066909034	0.16554198868073794	0.05860675623081201	0.714160487021541
238	0.061690768066909034	0.16554198868073794	0.05860675623081201	0.714160487021541
239	0.09538824620038662	0.5484624559403838	0.08042124930721337	0.2757280485520162
240	0.27381622129512195	0.0748564028288515	0.5605584291422044	0.09076894673382215
241	0.09538824620038662	0.5484624559403838	0.08042124930721337	0.2757280485520162
242	0.061690768066909034	0.16554198868073794	0.05860675623081201	0.714160487021541
243	0.061690768066909034	0.16554198868073794	0.05860675623081201	0.714160487021541
244	0.7038831939804934	0.057390798787905706	0.17701736017483666	0.06170864705676428
245	0.27381622129512195	0.0748564028288515	0.5605584291422044	0.09076894673382215
246	0.27381622129512195	0.0748564028288515	0.5605584291422044	0.09076894673382215
247	0.7038831939804934	0.057390798787905706	0.17701736017483666	0.06170864705676428
248	0.09538824620038662	0.5484624559403838	0.08042124930721337	0.2757280485520162
249	0.09538824620038662	0.5484624559403838	0.08042124930721337	0.2757280485520162
250	0.09538824620038662	0.5484624559403838	0.08042124930721337	0.2757280485520162
251	0.061690768066909034	0.16554198868073794	0.05860675623081201	0.714160487021541
252	0.061690768066909034	0.16554198868073794	0.05860675623081201	0.714160487021541
253	0.09538824620038662	0.5484624559403838	0.08042124930721337	0.2757280485520162
254	0.061690768066909034	0.16554198868073794	0.05860675623081201	0.714160487021541
255	0.7038831939804934	0.057390798787905706	0.17701736017483666	0.06170864705676428
256	0.023966193718864354	0.7734529503134211	0.025129977919207184	0.1774508780485073
257	0.124703604452465	0.05895523108972035	0.7108464967373351	0.10549466772047957
258	0.12470360445246506	0.05895523108972043	0.710846496737335	0.1054946677204796
259	0.18546698080823731	0.15534018743581166	0.08231631068350864	0.5768765210724424
260	0.0022677662869364915	0.06251177557212628	0.003802155141084777	0.9314183029998524
261	0.04579610865169086	0.32887691666556546	0.11128388659320732	0.5140430880895365
262	0.13718355169451782	0.10036646949420366	0.7183563875410351	0.04409359127024342
263	0.356643643701268	0.11407657313135376	0.4832569254534874	0.04602285771389077
264	0.004624033994354077	0.20729211381921955	0.007157643847992405	0.7809262083384341
265	0.056034322194064436	0.3627565371818853	0.03153001777528787	0.5496791228487625
266	0.0018161976944455489	0.13362318080541474	0.0032352673246434168	0.8613253541754963
267	0.19654426449758364	0.43375541953590985	0.30023721156157757	0.069463104404929
268	0.05147415798288081	0.8444735550492053	0.02463492875405051	0.07941735821386339
269	0.0768934731279372	0.2508160811589658	0.494136395761898	0.17815404995119896
270	0.20839750527365858	0.19150036994066688	0.44393154713144045	0.1561705776542341
271	0.014283050330515867	0.16920659319790124	0.0111383472563741	0.8053720092152088
272	0.012269975987328808	0.7911645235895254	0.01031235927722812	0.18625314114591776
273	0.0010923640498807455	0.9328971901163656	0.0016873455881523242	0.06432310024560138
274	8.814486261003177E-4	0.9748369156264308	0.0012814573365612146	0.023000178410907603
275	0.004878803285312155	0.8336688665197122	0.013500952111214519	0.14795137808376113
276	0.008630565856075903	0.48189665004794874	0.008748736268809013	0.5007240478271663
277	0.035235948689634825	0.23720189136905712	0.14270761995899262	0.5848545399823155
278	0.01921324096762742	0.38196036201007105	0.013583803366447027	0.5852425936558544
279	0.06721809500988096	0.5052753732869262	0.3878222757532456	0.039684255949947324
280	0.002276765376835742	0.82724687018026	0.006286651820245696	0.16418971262265855
281	0.036083144808213605	0.3175987551789106	0.41154854996681595	0.23476955004605984
282	9.714045552050577E-4	0.21275767162081105	0.0017721013386170327	0.7844988224853667
283	0.9481304812795136	0.007706626864628654	0.03866747782525637	0.005495414030601358
284	0.905474173194328	0.0035739510129648893	0.0882456447046822	0.002706231088024963
285	9.804149492663185E-4	0.9547550188386438	0.0017452228569310637	0.04251934335515886
286	4.6845491614160104E-4	0.03995528987435624	0.001143206815679052	0.9584330483938232
287	5.235276459496733E-4	0.03800760938867482	9.823760803965638E-4	0.960486486884979
288	0.911982585004594	0.0012050841438578448	0.08623474652252625	5.775843290217767E-4
289	0.0839275373938437	0.006702911384172315	0.9016458343090616	0.007723716912922355
290	0.9488406876493901	0.003271419692504394	0.04700761877084033	8.802738872650016E-4
291	0.760197144451318	0.06145521737648107	0.11711977633674285	0.061227861835458045
292	0.05271420491098453	0.0015995696894497	0.9446491212072384	0.0010371041923273752
293	0.002232933418682067	0.49037835489786247	0.006656026327506776	0.5007326853559487
294	0.9199487252507972	0.015308716416250328	0.052350315540151335	0.012392242792801236
295	0.007846076863525685	0.7555156275260023	0.01116789284680299	0.22547040276366903
296	9.527325344170288E-4	0.45987336305161614	0.0016662513888750746	0.5375076530250917
297	0.7339001987736239	0.001845963656745278	0.2633173252485569	9.365123210739169E-4
298	0.2754405507870119	0.016153897338690514	0.6955500119006761	0.012855539973621544
299	0.09410702951427233	0.784501544902653	0.04124712718174026	0.08014429840133447
300	0.9002520853218253	0.021973909225018757	0.06809227492505965	0.009681730528096339
301	0.8752743545314847	0.034486854822145765	0.07673814314444198	0.013500647501927449
302	0.7484423591937558	0.08200406624308311	0.09045407074960753	0.07909950381355356
303	0.6426238117435709	0.03759108172222999	0.31291554082627004	0.006869565707929085
304	0.05374405648817421	0.705904721388973	0.08052132630758269	0.15982989581527005
305	0.7303818070096538	0.020053232187517415	0.24435586126542813	0.005209099537400642
306	0.33500691120292275	0.01154537125088283	0.6484005848518074	0.005047132694387106
308	0.9680576924797196	0.0015462280780625807	0.029601448196543548	7.946312456742458E-4
309	0.002101781535053649	0.7565536236514903	0.0031534362650290845	0.23819115854842707
310	0.010157653199203403	0.8633846622791175	0.025346163975538388	0.10111152054614082
311	0.9438627837639266	0.0019103950997286091	0.05325190438044208	9.749167559027856E-4
312	0.9698178961538102	0.0014820243073143103	0.02796141954318332	7.386599956922409E-4
313	0.0020027762648390105	0.18992476187807844	0.0033926914388257958	0.8046797704182568
314	0.7403406722524604	0.04675033281254994	0.13818049836133123	0.07472849657365853
315	0.016131560744178857	0.2282630957848644	0.022623328113764263	0.7329820153571924
316	0.10888326510978348	0.3429324550579742	0.06007904687054365	0.48810523296169867
317	0.2097813107099411	0.16951473439476705	0.5157262058013791	0.10497774909391291
318	0.02219987829617428	0.5375179937694853	0.029449460647246423	0.41083266728709406
319	0.01789119467824149	0.34961327032446704	0.025298102079849425	0.6071974329174421
320	0.23621335881727337	0.146760793357386	0.47332192693477315	0.14370392089056758
321	0.03723560082932505	0.4925362250533854	0.06977891005755626	0.40044926405973336
322	0.21416214337876976	0.5766651700895159	0.08988791557835725	0.119284770953357
323	0.19614104218191225	0.026547563920487238	0.7564823655302281	0.020829028367372486
324	0.14026114592932742	0.17507265058895516	0.6238183400495292	0.060847863432188266
325	0.17225581081150082	0.11153898353102007	0.06283554771556628	0.6533696579419128
326	0.1027771677243503	0.18294783260223008	0.25797050467083565	0.4563044950025841
327	0.34435611202571004	0.1141053417031518	0.5181695968298765	0.023368949441261746
328	0.330151960914064	0.004680337160243766	0.6614069343045719	0.0037607676211203504
329	0.31509377591721194	0.009069740352285714	0.6721402642596003	0.003696219470901989
330	0.03979926243602795	0.014436848049092744	0.9300222153957799	0.015741674119099453
331	0.05388590700783805	0.10262807983355317	0.8323293699223917	0.011156643236217099
332	0.04056083325318859	0.23165185774860858	0.634676823165551	0.09311048583265193
333	5.325283519924814E-4	0.04223882165880892	0.0012793478070178964	0.9559493021821807
334	0.05385844500709175	0.009185364038222557	0.9335340610946145	0.003422129860071305
335	0.8400872210546605	0.010532747488695567	0.14183823900016218	0.007541792456481776
336	8.434323198832504E-4	0.9542900552215962	0.0012708141941313112	0.043595698264389346
337	0.871627153036384	0.014961516711211272	0.1075215445775043	0.0058897856749004435
338	0.12915191503503878	0.6043495495354754	0.12543025499874474	0.14106828043074116
339	0.8920189647747658	0.004878540246959065	0.09754038659166298	0.005562108386612037
340	0.0014552925930471608	0.8827897430316886	0.002070624636911504	0.11368433973835286
341	0.001194805361790162	0.8970348135001706	0.002371948500444425	0.09939843263759485
342	0.7742038290723823	0.04427205484210409	0.06704910725192226	0.11447500883359144
343	0.015916513988677154	9.984269738497306E-4	0.9824306975582451	6.54361479227951E-4
344	0.0014650192144601512	0.3419049383448379	0.003593394564191346	0.6530366478765106
345	0.004998290916568874	0.35322440222391294	0.010895459598466599	0.6308818472610516
346	0.16408709540140357	0.10988065276930044	0.6224140514801193	0.1036182003491767
347	0.001267482287000842	0.9676282068528151	0.0022206420806377605	0.028883668779546325
348	0.32237023987310515	0.0659711917423581	0.5544253641893281	0.057233204195208776
349	0.001029543634203671	0.8755353480174461	0.0016090698061305621	0.12182603854221954
350	5.417654078878924E-4	0.11624632324219983	0.0010306100040457535	0.8821813013458665
351	0.915182057168287	0.028599003268717466	0.051073217478949474	0.005145722084046017
352	0.40500098816300584	0.1632530386989034	0.12482274008172763	0.3069232330563632
353	0.19828442368010346	0.004685423720197254	0.7951416109055294	0.001888541694169785
354	0.7571965638020202	0.0015843644689555734	0.24041410536972	8.049663593041045E-4
355	0.0030575343809595545	0.10428181152662716	0.010282988320592355	0.882377665771821
356	0.03600351928761528	0.8830687282745231	0.023019950654909912	0.05790780178295181
357	0.9619657458840457	0.0020137864999919624	0.03498360014106585	0.0010368674748964235
390	0.7918959717835155	0.0018548673402938465	0.20531536392327043	9.337969529202527E-4
391	0.08451743272578735	0.0014727567420843204	0.913133267220084	8.765433120443266E-4
392	8.464635629725591E-4	0.9820126223431236	0.0011364935217521247	0.01600442057215167
393	0.9632973838235751	0.0012076527109049554	0.03505106187361598	4.43901591903966E-4
394	6.981596627935365E-4	0.9836287044790107	9.87288617794269E-4	0.014685847240401478
395	4.662983086961279E-4	0.04112947801062682	0.0011117622066336634	0.9572924614740435
396	0.0016742248327777855	0.45635333358268954	0.002858976344154205	0.5391134652403785
397	0.011276244036431016	0.9601718415781307	0.0069098072301105795	0.02164210715532771
398	0.004151328038803107	0.06736428977234954	0.004068030197933981	0.9244163519909133
399	0.07175965873926601	0.014690448694332675	0.9015362096058849	0.0120136829605164
400	4.731178764106723E-4	0.060340301478322776	9.216400777341269E-4	0.9382649405675324
401	0.002949926526514041	0.17457297936772026	0.0059609066000040675	0.8165161875057616
426	8.123568835198377E-4	0.04021422019069444	0.001489798983245714	0.95748362394254
427	0.002000197228471826	0.8938883982539692	0.0028828557118097957	0.10122854880574937
428	0.0016550237261939201	0.953630811733799	0.0022740154753510843	0.04244014906465589
429	0.0015351379428878886	0.9710515726973707	0.0020622412096728713	0.025351048150068504
430	0.0015351379428878873	0.9710515726973707	0.0020622412096728696	0.025351048150068483
431	0.0496578675898095	0.019502735642781956	0.9232118252602564	0.007627571507152155
432	0.033009932850363945	0.002304674915577942	0.963097144994649	0.0015882472394091185
433	0.0030581445901194473	0.445066111313701	0.003949881773313826	0.5479258623228658
434	0.010825141877121842	0.8029710908001566	0.03281599330931088	0.15338777401341075
435	0.2821763967201291	0.4458163346721937	0.14401548394930647	0.1279917846583708
436	0.15888898331658197	0.009665078906175463	0.8214953564585897	0.009950581318652889
437	0.3010090800034117	0.011725005568395208	0.6716202455029427	0.015645668925250416
438	0.13789561554553417	0.04196332270491077	0.7983917240410476	0.02174933770850748
439	0.04989820422402082	0.2947706001309222	0.19220551973331573	0.4631256759117412
440	0.20428736840287787	0.03323543768674596	0.6838820994827287	0.0785950944276474
441	0.1641562592697592	0.04431232569173302	0.6503345869226308	0.14119682811587694
442	0.5414322494105609	0.2890363867096195	0.09093299345732436	0.0785983704224953
443	0.010181089917819023	0.06716164417799836	0.014767803774843729	0.907889462129339
444	0.961499808286821	0.001977773944469778	0.03550217510394322	0.0010202426647659862
445	0.013091476004666433	0.3623082714700039	0.046367097708951185	0.5782331548163785
446	0.5284536847951101	0.012745479170659041	0.4475217155251632	0.011279120509067752
447	0.15596068741306682	0.03601149892708394	0.796894585547945	0.011133228111904116
448	0.06180366940030942	0.2718863565405017	0.12102729651816982	0.545282677541019
449	0.013925200746163553	0.40488653370736905	0.01786037222545747	0.56332789332101
450	0.14397539371225035	0.6095758252591227	0.08150858531924045	0.16494019570938662
451	0.5339403714483811	0.018055491503298556	0.4343337944966219	0.013670342551698541
452	0.7450083149882067	0.046607047311874795	0.14860297427558103	0.05978166342433739
453	0.09851296531564993	0.46950087183371997	0.06904912105140362	0.3629370417992264
454	0.8833191214019267	0.009431129288941884	0.10090220638022089	0.006347542928910558
455	0.360142137001439	0.06797955841674222	0.4742965580049539	0.09758174657686497
456	0.1524552579765688	0.01555510313345217	0.8188095961120541	0.013180042777924998
457	0.3075028557814338	0.08239024000631025	0.4717130941149807	0.13839381009727525
458	0.05614587724298188	0.46719157621110563	0.09253664473419074	0.3841259018117217
459	0.8833191214019267	0.009431129288941884	0.10090220638022089	0.006347542928910558
460	0.5339403714483811	0.018055491503298556	0.4343337944966219	0.013670342551698541
461	0.7645304093085307	0.0603120230459312	0.14347102688259455	0.03168654076294363
462	0.8185175711021492	0.0264673869575369	0.12196942237135097	0.033045619568962965
463	0.40831010033512566	0.14687559544417808	0.31059804119514733	0.13421626302554884
464	0.3353530024978038	0.45371522826690736	0.11888333705677712	0.09204843217851175
465	0.1704648991088165	0.1407680011079666	0.08090474685480269	0.6078623529284143
466	0.6316006994355543	0.008877849786031752	0.3537105968323911	0.005810853946022909
467	0.6046965251201756	0.03367458493868063	0.3298663917995041	0.03176249814163981
468	0.4235202605863693	0.10920362896616294	0.39063803606249187	0.07663807438497588
469	0.3452296280027955	0.09731238436015102	0.3916038555297406	0.1658541321073129
470	0.032516984091722906	0.31673355399251113	0.03437925895089784	0.6163702029648682
471	0.1666409795343455	0.38608095478141535	0.09996606278134013	0.34731200290289904
472	0.09604417129324407	0.1700918245264215	0.17691226613989472	0.5569517380404397
473	0.023449636904278065	0.1261113532685632	0.02605807760547638	0.8243809322216824
474	0.051264356779408896	0.1620842941505596	0.0751270015880356	0.711524347481996
475	0.1579879735292291	0.2991871469109072	0.09698757576136229	0.4458373037985014
476	0.03806092716116174	0.5178849705316655	0.03828255849011632	0.40577154381705655
477	0.3708931042401661	0.14592842492676697	0.3918702279639636	0.0913082428691035
478	0.5502997722743567	0.17680059559734954	0.17793800518256986	0.09496162694572395
479	0.20840487529741086	0.09358152974260102	0.5312813719181967	0.16673222304179147
480	0.1237173758960884	0.5861808228860005	0.08211372727613439	0.20798807394177682
481	0.12276130918146089	0.3225681149029362	0.2157576143647298	0.33891296155087314
482	0.12276130918146089	0.3225681149029362	0.2157576143647298	0.33891296155087314
483	0.5461116011905625	0.1194095849020123	0.2598737394631119	0.07460507444431352
484	0.0036841283299199417	0.8626695772939367	0.0050683798438865965	0.12857791453225684
485	0.0017521516500072394	0.07543259305676558	0.003005354713424128	0.919809900579803
486	0.06562509789654526	0.010336216449348446	0.9131018233662499	0.010936862287856505
487	0.431399913967669	0.3023187025625653	0.19542403128375577	0.07085735218600996
488	0.007859669036981312	0.16462985810421416	0.022630237965569386	0.8048802348932351
489	0.010788385609661388	0.769773519313928	0.02311344694875125	0.19632464812765932
490	0.6532727826755572	0.005090219237474825	0.33859945447435996	0.0030375436126080417
491	0.13269477689253276	0.7336585919775174	0.05868620511413419	0.07496042601581562
492	0.08044783548358019	0.2603325826672963	0.3142241900019404	0.3449953918471831
493	0.0027940260724654393	0.19592874625249387	0.0044874955219297765	0.796789732153111
494	0.07452526482450796	0.019693039497346153	0.8967623998290166	0.009019295849129355
495	0.06562509789654526	0.010336216449348446	0.9131018233662499	0.010936862287856505
496	0.0030497689344628413	0.2120587659028062	0.004931741084613474	0.7799597240781175
497	0.07625993543396091	0.261324197086728	0.11701451085517578	0.5454013566241352
498	0.05833598138846388	0.19216028646204328	0.3145368792498421	0.43496685289965076
499	0.5658720678689428	0.02114454694909105	0.39058120830832227	0.022402176873643858
500	0.5851750774717989	0.04824798275070961	0.3495565048291449	0.017020434948346694
501	0.2021040654133123	0.02406175692855443	0.7407386550703329	0.03309552258780052
502	0.3400470759099816	0.030157000802876487	0.5905231695375556	0.03927275374958627
503	0.5356987323642901	0.2552867261922343	0.1694046680162458	0.03960987342722972
504	0.26638720759346884	0.006247339408129187	0.7233053651709054	0.004060087827496545
505	0.6790439933880668	0.007240398469353748	0.30920645717631007	0.004509150966269434
514	0.6578513363315636	0.22316270991108472	0.08445953250144243	0.03452642125590926
515	0.8031859564653829	0.003947403970473505	0.19086174284861612	0.0020048967155272246
516	0.33541559348255184	0.017748030437442008	0.640058662290946	0.00677771378906022
517	0.42573886677709694	0.17426119474928756	0.25825798023095337	0.14174195824266222
518	0.04963618752662934	0.02542279786311806	0.8567782090151873	0.06816280559506536
519	0.044172489275111665	0.5604423583138378	0.1422147498283494	0.25317040258270124
520	0.007274056893640367	0.9203006609175812	0.005863683871651759	0.0665615983171267
521	6.981596627935371E-4	0.9836287044790107	9.872886177942665E-4	0.014685847240401464
522	0.018023948827608067	0.0013545587738034298	0.9798730592038336	7.48433194754958E-4
523	0.0017255127023069444	0.47461568514702884	0.00293932935696898	0.5207194727936952
524	6.840605257568362E-4	0.20015052313384235	0.0012698105082745005	0.7978956058321263
525	0.3013734135683896	0.37150459504271305	0.05822889807231826	0.2688930933165792
526	5.096479548590069E-4	0.08601151544241589	9.710611067643448E-4	0.9125077754959607
527	8.982508990654218E-4	0.9243493218231684	0.0013746783014810544	0.07337774897628517
528	0.0010141663668391588	0.9471958723042946	0.0017942743906825026	0.04999568693818374
529	0.12597282998629944	0.0027639312007188767	0.8700363127784945	0.0012269260344870549
530	0.0010721578233502341	0.9453360341272098	0.002172593106833917	0.05141921494260606
531	0.0012732378536421713	0.973186248661003	0.0014480818606234988	0.024092431624731264
532	0.0021995686770943657	0.8213189456344774	0.0025515738398263323	0.17392991184860193
533	0.10619228708998829	0.5616142194828989	0.029871462464292096	0.3023220309628207
534	0.011716508295808512	0.9014846009900965	0.017093978970355056	0.06970491174373998
535	0.0013589151643157676	0.43621463729851884	0.0028040033324667982	0.5596224442046986
536	0.0011127633529671506	0.3112345078769146	0.0031857723297473543	0.6844669564403708
537	0.013236204367830155	0.6767838276772843	0.006436116184501567	0.30354385177038395
538	0.004379781751038472	0.9738545972486591	0.002769705473079945	0.018995915527222542
539	6.84060525756835E-4	0.20015052313384266	0.0012698105082745005	0.797895605832126
540	0.0012582744769471653	0.20999307913783363	0.0019781531365466298	0.7867704932486727
541	0.0037374367472706714	0.9693650809528218	0.0025224196251615043	0.024375062674745946
542	0.021051112611551848	0.7485436368936237	0.07875402244187814	0.15165122805294645
601	0.955530007393266	0.0012912740631767046	0.042711191840582134	4.6752670297504575E-4
602	0.06457426682174916	0.03822514159798562	0.8888224044094035	0.008378187170861702
603	0.9195162538254812	0.0011357835033330653	0.07881536605808731	5.325966130985097E-4
604	0.863159585105985	0.0015350701916273602	0.13455804580401592	7.472988983717094E-4
605	0.08724841026529852	0.03826928157209375	0.8570096910659564	0.01747261709665136
606	0.0012120408538333013	0.8924129138511196	0.002316944504161303	0.10405810079088576
607	8.859269170298129E-4	0.9132135347023119	0.0013605072939241439	0.08454003108673416
608	3.496457278577422E-4	0.030201607330211166	6.962119860639012E-4	0.9687525349558672
609	0.7237276658822134	0.03672115314727958	0.2327330783558135	0.006818102614693667
627	0.21299494168360253	0.025503988870441613	0.7506479057167061	0.010853163729249694
628	0.01805850087399794	0.4149496984959473	0.017324142728863352	0.5496676579011913
629	0.9222703566533578	0.010976798595297158	0.0627915358683785	0.00396130888296649
630	0.1883073935555636	0.693752453597446	0.04872156639671475	0.06921858645027573
631	0.003228085692984465	0.9419159447703054	0.004198074327802215	0.050657895208907955
632	0.482542858281386	0.101640880300318	0.3455459865881269	0.07027027483016915
633	0.012730667475148996	0.9146260123672417	0.010549632774492806	0.06209368738311656
634	0.003228085692984465	0.9419159447703054	0.004198074327802215	0.050657895208907955
635	0.037609315547637634	0.3282999763224176	0.06569705092011723	0.5683936572098276
636	0.3983848728233672	0.13683186919813442	0.378262392683312	0.08652086529518631
637	0.03052314663477563	0.25022740498963847	0.03263220644838855	0.6866172419271974
638	0.07588032728316993	0.5960810926461229	0.20345290269931493	0.12458567737139228
639	0.012335051678338304	0.3775734613175785	0.012645542317570594	0.5974459446865127
640	0.045443930488807044	0.4260642689469863	0.027602003531479326	0.5008897970327273
641	0.21591079436814872	0.07733282476953716	0.692204911508983	0.014551469353331169
642	0.20952520487956167	0.3545300664789379	0.3903468606990943	0.045597867942406084
643	0.015210380727552354	0.9415237872886011	0.008559443326116745	0.03470638865772975
644	0.003200080792969836	0.3883724197815053	0.010268464013713821	0.5981590354118111
645	0.021690178933130796	0.2474599760512529	0.013408554530656518	0.7174412904849597
646	0.005625257738463833	0.5784136820357996	0.01763094702143773	0.3983301132042989
647	0.007819631398836272	0.5146410851935167	0.008099145091154076	0.46944013831649295
648	0.10150699145925217	0.3255229775905786	0.5286113253641208	0.0443587055860484
649	0.4702001116487893	0.06999671146885139	0.4475122853264064	0.012290891555953021
650	0.7610534141629196	0.044395008291767304	0.16627381993620802	0.028277757609105104
651	0.6684241949026982	0.02066021863755182	0.30121762338912644	0.00969796307062345
652	0.032364276312992074	0.01303405985772046	0.9466250662491935	0.00797659758009394
653	0.3134965809659268	0.33176734066410807	0.3041999882066784	0.05053609016328673
654	0.012566412318199357	0.44682299671798803	0.030282285698264466	0.5103283052655481
655	0.09540712957783071	0.09487744535272503	0.744651012241869	0.06506441282757523
656	9.445875231032706E-4	0.6127860941363902	0.001583896222790933	0.38468542211771567
657	0.1381771910285983	0.01960757672589134	0.8229216604321407	0.019293571813369832
658	0.6490985183929266	0.019688192510529726	0.3261206553101074	0.00509263378643612
659	0.09627379984635774	0.21516000273126867	0.6387863114338792	0.049779885988494275
660	0.03667570293164629	0.5009952469802285	0.3791639822225141	0.08316506786561115
661	0.024390148668070138	0.7537536231303177	0.011797790871045946	0.21005843733056626
662	0.040099208019580335	0.09494240699049457	0.833051557431211	0.03190682755871421
663	0.007392836204808269	0.1010365841619326	0.014799660493603603	0.8767709191396555
664	0.003250175139780886	0.14223551562621517	0.0050255915871361	0.849488717646868
665	0.03171867220944701	0.040074953135896	0.8813540227140029	0.04685235194065402
666	7.278966962427692E-4	0.976144120977453	0.0010455805636278553	0.022082401762676458
667	0.024443742544115864	0.007963895172884337	0.9620299941454775	0.005562368137522284
668	7.993549760982457E-4	0.952922240397839	0.0011894042085235383	0.04508900041753915
669	0.005867646424035678	0.49923066850982944	0.006713024749070089	0.48818866031706476
670	6.981596627935371E-4	0.9836287044790107	9.872886177942665E-4	0.014685847240401464
671	0.6215128919834046	0.18657586131598192	0.16776301740872415	0.024148229291889298
672	0.15548668355293213	0.01524415335113059	0.8258511224133587	0.003418040682578544
673	6.981596627935365E-4	0.9836287044790107	9.87288617794269E-4	0.014685847240401478
681	0.6383098446488216	0.26962064619024295	0.05823116522161991	0.03383834393931559
682	0.1176971140455742	0.2709841872981002	0.5935707124095974	0.017747986246728388
683	9.644038478872719E-4	0.8212690559508445	0.0015483103085585303	0.17621822989270958
684	0.10773142054625462	0.8406272673792903	0.022471170304660722	0.029170141769794346
685	0.029318396136943713	0.7729533747420678	0.010534731342627007	0.18719349777836128
686	0.3827156376425421	0.5564663169392159	0.04190501771971388	0.0189130276985282
687	8.434323198832519E-4	0.954290055221596	0.0012708141941313112	0.043595698264389325
688	0.002000197228471826	0.8938883982539692	0.0028828557118097957	0.10122854880574937
689	0.0021576422224544724	0.9656250967912307	0.0035211353767386046	0.028696125609576274
690	0.08558435957447451	0.5790297076351817	0.12012240099481362	0.21526353179553012
691	0.21858199661198038	0.1266718398529272	0.5687589173371994	0.08598724619789308
692	0.21858199661198038	0.1266718398529272	0.5687589173371994	0.08598724619789308
693	0.03052314663477563	0.25022740498963847	0.03263220644838855	0.6866172419271974
694	0.13340054251523945	0.2966876871200328	0.23158297531482194	0.3383287950499059
695	0.0795424109441992	0.3308161657356468	0.12283254813628393	0.46680887518387
696	0.13209272723939214	0.3352591462881694	0.0848357163674144	0.4478124101050241
697	0.461259079711419	0.1311495459699993	0.3265909843027847	0.08100039001579688
698	0.6750889900459403	0.0965562987457061	0.16975692826281272	0.05859778294554097
699	0.13209272723939214	0.3352591462881694	0.0848357163674144	0.4478124101050241
700	0.3983848728233672	0.13683186919813442	0.378262392683312	0.08652086529518631
701	0.13340054251523945	0.2966876871200328	0.23158297531482194	0.3383287950499059
702	0.1405765228541792	0.4366799373097386	0.23110064116282797	0.19164289867325426
703	0.27431242338759915	0.2889098101325441	0.13467298028954708	0.30210478619030967
704	0.03052314663477563	0.25022740498963847	0.03263220644838855	0.6866172419271974
705	0.13340054251523945	0.2966876871200328	0.23158297531482194	0.3383287950499059
706	0.03893972594567712	0.47018568452911064	0.039536205885137565	0.4513383836400746
707	0.27431242338759915	0.2889098101325441	0.13467298028954708	0.30210478619030967
708	0.22986631702247481	0.16131172969989935	0.12001921529827536	0.4888027379793504
709	0.04219399592613504	0.715421457154038	0.04011833596438469	0.2022662109554423
710	0.04021306405305797	0.5417916148346645	0.0399599930196374	0.3780353280926402
711	0.27431242338759915	0.2889098101325441	0.13467298028954708	0.30210478619030967
712	0.04046146666547201	0.5572276973364869	0.04005742505958131	0.36225341093845975
713	0.27431242338759915	0.2889098101325441	0.13467298028954708	0.30210478619030967
714	0.22986631702247481	0.16131172969989935	0.12001921529827536	0.4888027379793504
715	0.3983848728233672	0.13683186919813442	0.378262392683312	0.08652086529518631
716	0.2819511644053803	0.41521366632735224	0.13269821756697858	0.1701369517002889
717	0.03893972594567712	0.47018568452911064	0.039536205885137565	0.4513383836400746
718	0.27431242338759915	0.2889098101325441	0.13467298028954708	0.30210478619030967
719	0.04046146666547201	0.5572276973364869	0.04005742505958131	0.36225341093845975
720	0.461259079711419	0.1311495459699993	0.3265909843027847	0.08100039001579688
721	0.08558435957447451	0.5790297076351817	0.12012240099481362	0.21526353179553012
722	0.13754016038278538	0.574203865568463	0.08333028748057955	0.20492568656817195
723	0.03893972594567712	0.47018568452911064	0.039536205885137565	0.4513383836400746
724	0.03052314663477563	0.25022740498963847	0.03263220644838855	0.6866172419271974
725	0.04021306405305797	0.5417916148346645	0.0399599930196374	0.3780353280926402
726	0.5043167999811777	0.18820044228849056	0.15683370700459717	0.15064905072573462
727	0.20688071443240955	0.42864395632163604	0.1981506656464416	0.1663246635995128
728	0.38814020251422804	0.15513714014958327	0.34667157829995243	0.11005107903623641
729	0.08021425752590738	0.17761569994311593	0.11347412789833863	0.6286959146326381
730	0.04919116082953626	0.26192775100398136	0.04827352012108437	0.6406075680453981
731	0.11771695265432681	0.31873246170372405	0.1492748846058116	0.41427570103613753
732	0.6310076791063737	0.10550882084078311	0.1867734069898052	0.07671009306303814
733	0.0667504220554917	0.6278491553626646	0.05956686403735915	0.24583355854448458
734	0.04919116082953626	0.26192775100398136	0.04827352012108437	0.6406075680453981
735	0.2456766879603014	0.05573196536784728	0.6353935612939176	0.06319778537793387
736	0.2456766879603014	0.05573196536784728	0.6353935612939176	0.06319778537793387
737	0.049949417700008394	0.27445787247547215	0.048832031006540384	0.6267606788179791
738	0.0667504220554917	0.6278491553626646	0.05956686403735915	0.24583355854448458
739	0.23787218698486276	0.09455613221882953	0.5062429388743427	0.16132874192196506
740	0.7550222561314351	0.041870383183815287	0.16148889839116035	0.04161846229358919
741	0.7550222561314351	0.041870383183815287	0.16148889839116035	0.04161846229358919
742	0.2456766879603014	0.05573196536784728	0.6353935612939176	0.06319778537793387
743	0.12374330703712938	0.4939232650822079	0.14554794586816017	0.2367854820125026
744	0.0667504220554917	0.6278491553626646	0.05956686403735915	0.24583355854448458
745	0.2456766879603014	0.05573196536784728	0.6353935612939176	0.06319778537793387
746	0.004886425296570102	0.924252546372123	0.006038292546685643	0.06482273578462135
747	0.2161691207099599	0.2621796888382281	0.08929445174407674	0.43235673870773533
748	0.4325213656870071	0.07293139138202724	0.4038097103815151	0.09073753254945066
749	0.06574711052587125	0.0024095631278934254	0.9302333386970875	0.001609987649147985
750	0.06706789536239884	0.03198938355514496	0.8819505892362998	0.01899213184615638
751	0.822498498297104	0.006568913610792315	0.1591174068369522	0.011815181255151543
752	0.17211993486926985	0.009426714804485689	0.8080162847678412	0.01043706555840346
753	2.953983110641071E-4	0.0140204665975965	5.989899422242148E-4	0.9850851451491152
754	0.9837096503993774	6.581906332155365E-4	0.015331617416254512	3.0054155115255554E-4
755	0.2973477211401236	0.002580152163470462	0.6986482010441902	0.0014239256522157616
756	0.4472508399808255	0.2603901907479724	0.27248985793740804	0.019869111333794095
757	0.5417592505676287	0.07662190771364921	0.1356379725594867	0.24598086915923545
758	8.496069114336406E-4	0.9479547934291677	0.0012851734718787322	0.049910426187519945
759	0.2453694413303738	0.12927118500928303	0.32967206181001857	0.2956873118503246
760	0.016609144211348133	0.0011516237260788354	0.9813674604098892	8.71771652683912E-4
761	0.14851405615131694	0.006230729560480185	0.8432268336742954	0.002028380613907485
762	0.09239689373493151	0.2780469886533402	0.48341520178110503	0.14614091583062322
763	0.36106159195520676	0.4593606719818907	0.10393777258568308	0.07563996347721944
764	0.08446814364781319	0.05083353671077274	0.7031802699525246	0.16151804968888953
765	0.6761724853069596	0.016257244701980623	0.285823058433647	0.02174721155741283
766	3.3088039263677355E-4	0.023096128329571627	6.644300854641365E-4	0.9759085611923275
767	0.08695515173162002	0.007601280343173017	0.9029964919265574	0.002447075998649574
768	0.6389632518166837	0.022694238959795245	0.32514002163376426	0.013202487589756827
769	0.04442019520342786	0.09233886932252594	0.769150802333705	0.09409013314034116
770	0.2691051552646179	0.03980011277381791	0.5213907390342972	0.169703992927267
771	0.0203023286745374	0.8197431604249499	0.12819788170907254	0.031756629191440226
772	0.003984406471182008	0.03737819554164863	0.006124550938523353	0.952512847048646
773	0.005535603916165218	0.9048977515707649	0.04802841575438209	0.041538228758687706
774	0.02728110079543893	0.13372294989567945	0.2645198156271714	0.5744761336817102
775	0.7916604834148852	0.04303188754874807	0.14146794106907312	0.02383968796729361
776	0.0529962938025411	0.6506383354543396	0.02186745563647569	0.2744979151066437
782	0.5816702703629938	0.025803106152930647	0.3537984616618606	0.03872816182221497
783	6.652079622484198E-4	0.022018588001339434	0.0012484890272677215	0.9760677150091445
784	0.0025355938817193478	0.36268588195739104	0.005274845657857333	0.6295036785030322
785	0.015463953455739251	0.4826609397071073	0.011499030304337302	0.49037607653281606
786	0.003293061277952354	0.5362762765392857	0.005198979126223114	0.4552316830565389
787	0.0027122748467662983	0.6492144490786224	0.004206862961417257	0.34386641311319416
788	0.0016550237261939201	0.953630811733799	0.0022740154753510843	0.04244014906465589
789	0.9410343348620304	0.013643034444945674	0.04269307158370501	0.0026295591093188587
790	0.003668619695836314	0.7865789185374813	0.007053514814417125	0.2026989469522653
791	0.08084094503549671	0.028644998909283976	0.8803708965266415	0.010143159528577717
792	0.26069994202669755	0.11635516302845945	0.556040178612105	0.06690471633273812
793	0.05336389950016256	0.03746036234826294	0.8283093967864059	0.08086634136516858
794	0.03330741236331863	0.19586009044368258	0.062024304957558035	0.7088081922354408
795	0.16886223866718528	0.13639122313440136	0.35156660024399583	0.34317993795441765
796	0.973983224718132	0.0013582598526135233	0.0239812420076079	6.77273421646538E-4
797	0.0138240125454197	0.9031880433930699	0.011682638623634223	0.07130530543787632
798	0.0862278951192835	0.6336268392359469	0.18922016164212138	0.09092510400264828
799	0.0629618455707057	0.002420223651810528	0.9329994092061163	0.0016185215713674498
800	0.0035976784158257753	0.36798782969202765	0.005428507314910937	0.6229859845772358
801	0.054830754449459354	0.012721877857039621	0.9260177361483792	0.006429631545121785
802	0.06653133444165409	0.0700103776927553	0.797221123770707	0.06623716409488371
803	0.00198597314382948	0.09339738857486149	0.0032521655649300507	0.901364472716379
806	0.05530673351442001	0.7799058206200501	0.08579871780525891	0.07898872806027107
807	0.005849279106921412	0.3453348563570345	0.008948603365778622	0.6398672611702655
808	0.02931065875199468	0.13055382076264443	0.01063561036745171	0.8294999101179091
809	0.021979532619659386	0.0018749744163018467	0.974593652415595	0.0015518405484436066
810	0.03010021883888223	0.28427083145822235	0.6353701118424688	0.05025883786042661
811	0.002934357353888499	0.9579743019513045	0.007630550212165059	0.03146079048264194
812	0.0035879433222166805	0.09575896110972566	0.010646776154925871	0.8900063194131318
813	0.08451743272578735	0.001472756742084323	0.913133267220084	8.765433120443266E-4
814	8.62967681402101E-4	0.9391854330981643	0.001306781230527381	0.058644817989906145
815	0.04605954989360979	0.0012985837020550455	0.951847183354117	7.946830502181568E-4
816	0.0019246767385393713	0.3615777436783071	0.003085263323478072	0.6334123162596755
817	0.29387394607927797	0.005268596784915098	0.6919468456082463	0.00891061152756077
818	0.1328780190855136	0.008912355540637483	0.8552144312628489	0.002995194111000072
819	0.08298087882074008	0.010987008460918019	0.903012632612237	0.0030194801061048907
820	0.041186565782181744	0.12632995255754753	0.197569534939433	0.6349139467208378
821	0.06637100521173095	0.004663185788248983	0.9255844302740145	0.003381378726005601
822	0.008031415342680776	0.5470166572625739	0.015793454239092418	0.42915847315565286
823	0.00949501851353446	0.753934011113375	0.010199859768742625	0.22637111060434784
824	0.002785714439210111	0.20997379652249268	0.004516856674434849	0.7827236323638622
825	0.06637100521173095	0.004663185788248983	0.9255844302740145	0.003381378726005601
826	0.19997608826516322	0.07604433361526154	0.6049263681621313	0.119053209957444
827	0.7153898319743557	0.07373753085393528	0.1660486970308919	0.04482394014081716
828	0.8401427306104977	0.01844726533923516	0.12624044268119558	0.015169561369071584
829	0.6570658280309661	0.12804974056488175	0.14789125167995895	0.06699317972419319
830	0.284583719788303	0.028288807777856213	0.6662316107777724	0.020895861656068528
831	0.05965517446390137	0.4152131266743257	0.04379999965657822	0.48133169920519464
832	0.01924639686986226	0.792671048325623	0.01951053759735871	0.16857201720715612
833	0.30633836253604463	0.027368103152678753	0.6450840169402098	0.02120951737106689
834	0.05034918333110004	0.6943405457966515	0.11847271154901544	0.1368375593232331
835	0.03742906294479922	0.6982177638171679	0.06464667355229943	0.19970649968573334
836	0.022326087095271892	0.6446027951321983	0.02782133915528235	0.30524977861724745
837	0.001225960356482323	0.9065031227988504	0.0018517670145336504	0.09041914983013372
838	0.03042338626084819	0.00472242751380613	0.9585663041531793	0.006287882072166347
839	0.01877254594152193	0.586478977925273	0.1380495834856714	0.25669889264753365
840	0.045564596778532473	0.823820115920657	0.018616180703417414	0.11199910659739326
841	0.038128264570453235	0.676878818824758	0.2448609701358523	0.04013194646893652
842	4.2039887694525377E-4	0.05188496417799881	8.3035589270428E-4	0.9468642810523517
843	0.0724800882916961	0.04471055071288666	0.7220284983377322	0.16078086265768496
844	0.0010371976807293268	0.8705362100860559	0.001652769758939637	0.1267738224742751
845	0.00434290235948724	0.18301268784387706	0.011597528072222583	0.8010468817244132
846	0.19195471581281034	0.4994467398251361	0.10810602302706472	0.2004925213349889
847	0.6792238046043633	0.041235136033187514	0.2596830114738092	0.01985804788863996
848	0.09225155962975909	0.363116136326317	0.17570634308649072	0.36892596095743324
849	0.08879160089408357	0.12786965128680935	0.7226131677141278	0.060725580104979436
850	0.06078059794397837	0.012742121917924624	0.9150788575756847	0.011398422562412396
851	0.05669095282379858	0.0014210958893125342	0.9410749551038312	8.129961830575609E-4
852	0.09823578649137743	0.0062987204408741825	0.8807116656611645	0.014753827406583793
853	0.021009054948978808	0.5352591953970294	0.016958506885101487	0.42677324276889034
854	0.07850925098786415	0.4316167174226089	0.05660739419873022	0.4332666373907969
855	0.07893654228193289	0.23987885291786012	0.09018118905166032	0.5910034157485468
856	0.05823512741263375	0.08008053986946863	0.7784177175751859	0.08326661514271179
857	0.0012373385516776874	0.9516044757845886	0.0019346833968092864	0.04522350226692434
858	0.06923963658801499	0.8818991711422612	0.022988071045933325	0.02587312122379035
859	0.4274485714489048	0.14108704800989777	0.2994463133644075	0.13201806717678988
860	0.25614415541311797	0.27817867113995964	0.3259397903242588	0.1397373831226636
861	0.3500586219906885	0.0076688072693493325	0.6313561763446952	0.010916394395267032
862	0.21398334034328365	0.010646892599845189	0.7627664290684392	0.012603337988431901
863	0.06236639336107174	0.1721856406612685	0.6913825980491038	0.0740653679285559
864	0.42967134170582144	0.014409500068538859	0.551730390036235	0.004188768189404617
865	0.0012754415665930544	0.8643391915796903	0.0025442806391814017	0.13184108621453527
866	0.029997319545552646	0.4579961488159059	0.45558442606032645	0.05642210557821502
867	0.03704410480283229	0.45988331167630864	0.12189717300148983	0.38117541051936926
868	3.322280121274811E-4	0.021788502405065305	6.713312154264378E-4	0.9772079383673807
869	9.07363094909976E-4	0.2418311578461588	0.0016728776530996298	0.7555886014058316
870	0.0016213541385633973	0.2060517098176355	0.0027956823659160625	0.789531253677885
871	0.7129754575331704	0.05814844028550842	0.19557159522020348	0.03330450696111774
872	0.03518368931374809	0.8592060903962598	0.023255936300656817	0.08235428398933523
873	0.03982699592172955	0.38256329612142165	0.030401520364963058	0.5472081875918857
874	0.0663889592172135	0.6296835764000983	0.19112814535497652	0.11279931902771181
875	0.20011022411683768	0.4121914498069452	0.1804854593982185	0.20721286667799865
876	0.672837983764003	0.03593538468866079	0.2767049417340409	0.014521689813295382
877	0.3751476478316043	0.09698742973830032	0.2673380372061731	0.2605268852239221
878	0.0058565579834441205	0.6926718478961313	0.007913222941487167	0.29355837117893735
879	0.002132345571257607	0.04795813846099375	0.0034864766310392322	0.9464230393367095
880	0.0058565579834441205	0.6926718478961313	0.007913222941487167	0.29355837117893735
881	0.09924701721945019	0.1388770050559716	0.7198604353597711	0.04201554236480714
882	0.004095751773418233	0.7976773014868608	0.005224997401644542	0.19300194933807652
883	0.04870621057498599	0.6483900810025716	0.028273883935821326	0.27462982448662104
884	0.7549741218295305	0.017555103405385724	0.22193704714598847	0.005533727619095325
885	0.8757384621946609	0.005677975533795819	0.1116703035994815	0.006913258672061873
886	0.8309774228144221	0.004220793120419838	0.16170437823989825	0.0030974058252598775
887	0.41148981153060965	0.18416277553881702	0.27548858655732983	0.12885882637324356
888	0.08307507734515909	0.04222963674945687	0.8229802721628178	0.05171501374256632
889	0.024755811324246566	0.7483539344571196	0.042861002679589595	0.1840292515390442
890	0.32814164846868926	0.004413854555120929	0.6647803335330421	0.0026641634431477743
891	0.05841874170183877	0.18295334793593893	0.451619785137332	0.30700812522489035
892	0.7669371678031203	0.019560301901597514	0.20845784140772064	0.005044688887561629
893	0.0028668413623255404	0.7602566962039806	0.004351460418522596	0.23252500201517118
894	0.9380371076643566	0.0020650710432496473	0.05883294887442039	0.0010648724179734583
895	0.41822341238074623	0.2963203393397568	0.17466242859639103	0.110793819683106
896	0.0734704750505751	0.002701802655213714	0.9220524216607784	0.0017753006334327607
897	0.11628551815056411	0.10139421906214356	0.7557521187512721	0.026568144036020234
898	0.0020797429043098625	0.19096269841128838	0.003447251885004062	0.8035103067993977
899	0.1082313171273623	0.06320844734000466	0.8110704667914889	0.017489768741144104
900	9.651671475847275E-4	0.034056506510132305	0.0017427408850685974	0.9632355854572143
901	0.03549056851574711	0.0027843213625891156	0.9597430784614273	0.001982031660236481
902	0.4584615381846922	0.30896578342086095	0.12773410194135393	0.10483857645309284
903	0.9558446257250872	0.0026199906338697804	0.039942842010628	0.0015925416304150965
904	0.11265065467486621	0.006075713822084701	0.876352602256718	0.00492102924633115
920	0.762904449216428	0.0019684565907326958	0.23412109187482055	0.0010060023180187274
921	0.08451743272578735	0.0014727567420843204	0.913133267220084	8.765433120443266E-4
922	0.001580003064431192	0.35845726877492706	0.002716377214127741	0.6372463509465139
923	0.0021727848445580672	0.9692768548997195	0.007258666782658697	0.021291693473063762
924	3.482474844470926E-4	0.015806164707759186	8.811111214325407E-4	0.9829644766863612
925	0.24195161415101898	0.449464880025413	0.05252921995781872	0.2560542858657494
926	0.011471959892686765	0.1615054772068049	0.05182808317215245	0.775194479728356
927	0.001642828861980373	0.4448669680267408	0.0028108352523605606	0.5506793678589182
928	0.08244525938350862	0.022007128098011024	0.8907717689494095	0.004775843569070902
929	0.6940499958576826	0.09607711180163356	0.0628470147930779	0.14702587754760596
930	0.3422808206796338	0.002512027980523572	0.6538274583953778	0.001379692944464787
937	0.6482252175298138	0.00228335683013183	0.34859852778692957	8.928978531248048E-4
938	0.10701851479987355	0.02876147644276955	0.8501069295980275	0.01411307915932952
939	0.41553069397835596	0.03690518613354661	0.41369279369883744	0.13387132618925998
940	0.22109293214887216	0.0021322071748150506	0.7751849980376793	0.001589862638633634
941	0.0246401876305894	0.0013053339236574848	0.9730396521119248	0.0010148263338283152
942	0.0036839205803562885	0.18467103773820204	0.024106229525808556	0.7875388121556331
943	0.9723536624760591	0.0020705705488226725	0.023334267676703747	0.002241499298414506
944	0.0624260776555061	0.003178028540396585	0.9300941983203989	0.004301695483698388
945	0.006542424035872705	0.11729593141706025	0.018578035052184347	0.8575836094948828
946	0.005228574177312213	0.8239151941380602	0.005389343162871713	0.16546688852175562
947	0.0010141663668391588	0.9471958723042946	0.0017942743906825026	0.04999568693818374
948	0.006214972197724215	0.13086617016095523	0.0061848123678614675	0.8567340452734591
949	0.0012531312620805784	0.8857575459493273	0.0024006376008552863	0.1105886851877368
950	0.026767001329348516	0.7116993801156298	0.17749117828129554	0.08404244027372615
951	0.029094311220954624	0.0013907839162764235	0.9685525550389315	9.623498238373908E-4
952	0.02737695622502797	0.002330350117641326	0.9683322331945506	0.0019604604627800424
953	0.00924706563870083	0.7351696870155667	0.0071126526237399275	0.24847059472199248
955	0.040075498945157044	0.7786655721296496	0.0367616957899759	0.14449723313521748
956	0.040075498945157044	0.7786655721296496	0.0367616957899759	0.14449723313521748
957	0.07676568472862227	0.6310627566936865	0.14647850918378097	0.1456930493939102
958	0.022567856011686472	0.08912624113316608	0.024610244612889125	0.8636956582422584
959	0.023469918730187177	0.005366489396707693	0.9625048061916053	0.008658785681499784
960	0.9837096503993774	6.581906332155365E-4	0.015331617416254512	3.0054155115255554E-4
961	0.9488406876493901	0.003271419692504394	0.04700761877084033	8.80273887265E-4
962	0.012993253677417327	0.20215738852548842	0.017384138090879755	0.7674652197062145
963	0.04103106341642945	0.29716013829762583	0.6001436453864344	0.0616651528995104
964	0.0015167181947391337	0.6997411500052089	0.0025360926631406433	0.2962060391369114
965	0.015234275485696398	0.06686112057904522	0.2085230056117541	0.7093815983235042
966	0.12238529489919317	0.3107499503426183	0.5296829738890372	0.037181780869151304
967	0.0016996463750879945	0.6307417223019424	0.0034169437066381017	0.36414168761633153
968	3.4119127525472447E-4	0.016929717090177293	7.715172093124796E-4	0.9819575744252556
969	0.7918959717835155	0.0018548673402938465	0.20531536392327043	9.337969529202527E-4
970	0.9394038100822899	0.0014253443569158396	0.05860519569081837	5.656498699758724E-4
971	0.04499969340481442	0.3730887884229397	0.1341613626955146	0.44775015547673136
972	9.688370555688975E-4	0.9527402348371509	0.0017859978130944645	0.04450493029418572
973	0.022727278461526737	0.8351259451054167	0.021001523709308266	0.12114525272374821
974	0.014602448664426277	0.8548579411648917	0.00966402319740753	0.12087558697327458
975	0.9804052992657227	8.668144884225277E-4	0.01837920259604697	3.486836498078333E-4
976	0.891167868605283	0.036161112710999824	0.053090468988850746	0.01958054969486648
977	0.28038630811650095	0.37740473980776895	0.3111202384977862	0.03108871357794401
978	0.00479760762229533	0.9658592521215846	0.003526121698542486	0.025817018557577523
979	0.005659135187487516	0.1617630269407924	0.008065968465556104	0.824511869406164
980	0.006918313379418416	0.8969561495039691	0.005283465973869016	0.09084207114274362
981	0.04849737149676107	0.4298222591119403	0.46944562938640577	0.052234740004892775
982	0.026006068153581426	0.011842434364029826	0.9531014773953738	0.009050020087014892
989	0.9612532755955149	8.455761458882046E-4	0.03751089073985171	3.902575187452482E-4
990	0.015916513988677154	9.984269738497306E-4	0.9824306975582451	6.54361479227951E-4
991	0.00558464492151454	0.9703620022489373	0.004294350734406979	0.019759002095141177
992	0.17941813923561944	0.017895323202805093	0.79054989084193	0.01213664671964553
993	0.5227597247559221	0.06056721359252698	0.3937496381510034	0.022923423500547713
994	0.07048344810697386	0.36125505995750856	0.4862972269825706	0.08196426495294701
995	0.0016983986627021439	0.3962590201656645	0.004586983515176782	0.5974555976564566
996	0.07814811344114826	0.11803602354679901	0.7463228161725703	0.05749304683948238
997	0.0013124237271097013	0.7303257574011316	0.0022971675262406094	0.26606465134551815
998	0.014803877863211483	0.2590039428746957	0.08593017122805874	0.6402620080340342
999	0.12368369361420377	0.6981803806354814	0.12158356458978631	0.05655236116052853
1000	0.7932729334833835	0.0018731232591785551	0.2038335733802732	0.0010203698771648533
1001	0.009039772823549484	0.6772649826584067	0.007577561207823023	0.3061176833102208
1002	0.9837096503993774	6.581906332155365E-4	0.015331617416254512	3.0054155115255554E-4
1003	0.6526913396172881	0.0024777690124199022	0.34352869680911247	0.0013021945611795113
1037	0.35236404033128266	0.011149197615699625	0.6326446276143556	0.0038421344386622516
1038	0.057458939140205605	0.2533479606413945	0.6208112045852604	0.06838189563313954
1039	7.840683638804987E-4	0.9632739182724162	0.0011564236964383826	0.03478558966726495
1040	0.343953401011927	0.016225305155609746	0.6355872474279249	0.004234046404538393
1041	0.1791163628062435	0.0019520628940622197	0.8178002800684289	0.0011312942312655004
1042	0.6513728275886748	0.011970217713417709	0.3099631494554214	0.026693805242486206
1043	0.2990236624844559	0.024174596272844597	0.6199446387796246	0.056857102463074995
1044	0.6087079375038325	0.04196891218415172	0.34270967695774346	0.006613473354272317
1045	0.00778581352584423	0.34444553514885096	0.05354395965185796	0.5942246916734468
1046	7.157169355669881E-4	0.17853155858643613	0.0013332436182746548	0.8194194808597223
1047	0.08614323507116653	0.25952479978338533	0.6141675265194598	0.04016443862598836
1048	0.01303361207524392	0.7911881104592471	0.12130023534862897	0.0744780421168801
1049	0.0012494390109323952	0.2836084437497931	0.001818664834858729	0.7133234524044159
1050	0.19602505134485007	0.29037372007004175	0.4138865305390525	0.09971469804605577
1051	0.012042169314177311	0.8050921892292946	0.016421250271808283	0.16644439118471976
1052	0.03861088038221946	0.07231867746356822	0.8567555845444726	0.032314857609739754
1053	3.2088020599418347E-4	0.020287500866509982	6.470393929146745E-4	0.978744579534581
1054	0.02392277074143372	0.7009313359460745	0.15824421133206654	0.11690168198042529
1055	0.015916513988677154	9.984269738497306E-4	0.9824306975582451	6.543614792279498E-4
1056	4.4925521665556954E-4	0.054113882984175604	8.782715679125005E-4	0.9445585902312563
1060	0.8023926363994679	0.0017560735612709457	0.19496345949533025	8.878305439309814E-4
1061	0.9837096503993774	6.581906332155365E-4	0.015331617416254512	3.0054155115255554E-4
1062	8.01211842805687E-4	0.9818083987656141	0.001281712651324659	0.016108676740255568
1063	0.4728106493760174	0.0028719917412518064	0.5227501794411008	0.0015671794416299832
1064	0.38070087037645306	0.09172917359082657	0.5183261092247843	0.009243846807936273
1065	0.04605954989360979	0.0012985837020550478	0.951847183354117	7.946830502181582E-4
1066	0.2562305984231839	0.370452529667577	0.32047327027652855	0.05284360163271054
1067	0.8972513368857258	0.0016708455496134058	0.10021966478195153	8.581527827093808E-4
1068	0.2946157363394434	0.6096299992325332	0.050515904147613595	0.04523836028040978
1069	0.006746821883679161	0.9008818119212941	0.042812652787447926	0.04955871340757883
1071	3.8670827516032013E-4	0.035051686158079846	7.728092802419996E-4	0.9637887962865179
1072	0.004876172507895139	0.814207212302214	0.007776489335068856	0.17314012585482205
1073	0.0024540703896314795	0.7552610012232952	0.008537169298229303	0.23374775908884393
1074	0.05319606733834844	0.0018838001572208554	0.9439576726713513	9.6245983307941E-4
1075	0.29042522940176463	0.30260389076986016	0.35871866759140536	0.04825221223696988
1076	0.030843744429114923	0.007461244572145392	0.9590424690476598	0.0026525419510799717
1077	0.020915619210325472	0.0010369467737882435	0.9773746719828575	6.727620330288326E-4
1078	7.161965422096785E-4	0.9791079355805526	0.0010217586748457682	0.01915410920239187
1079	0.03548403927432332	0.6125907841434851	0.2978285232309488	0.05409665335124286
1080	0.11773289633794169	0.0017009834191100543	0.8795775869834407	9.885332595075255E-4
1081	0.931906697585612	0.001056935779458761	0.066541009754568	4.95356880361363E-4
1082	0.9837096503993774	6.581906332155365E-4	0.015331617416254512	3.0054155115255554E-4
1083	0.4608119635727788	0.32631984299313593	0.1824205734129917	0.03044762002109369
1084	0.14266477792975513	0.13997710110901382	0.6987942084329182	0.01856391252831291
1085	0.12579338851459348	0.26782862980322353	0.5741212507198374	0.03225673096234568
1086	0.2946157363394434	0.6096299992325332	0.050515904147613595	0.04523836028040978
1087	0.003426600327183582	0.8196041008942381	0.005009292900960466	0.17196000587761803
1088	0.1518590296028199	0.092132853768041	0.22515562523729662	0.5308524913918424
1089	0.9768980704333525	7.112432713623608E-4	0.022064553633266256	3.2613266201883025E-4
1090	6.981596627935365E-4	0.9836287044790107	9.87288617794269E-4	0.014685847240401478
1091	0.019674583232845606	0.06748074030892129	0.1761819204859397	0.7366627559722935
1092	4.6090112638137243E-4	0.04321987838806715	9.16172010707035E-4	0.9554030484748445
1093	0.005999452696560649	0.1906828124871089	0.024496913969451733	0.7788208208468788
1094	0.07449822505975291	0.5921506729258684	0.09988371988655632	0.23346738212782242
1095	0.8076858538999111	0.030654545121805543	0.12457049344222311	0.03708910753606029
1096	0.02114070181121272	0.11211366575540532	0.04147465986422463	0.8252709725691574
1097	0.8341669330022232	0.024484959206038947	0.11930979862715833	0.02203830916457946
1098	0.5073977113182904	0.16260879675468978	0.24100172401816705	0.08899176790885288
1099	0.20337381898324558	0.037791937371444824	0.7190887931499232	0.039745450495386365
1100	0.6045624947970137	0.035649159146459684	0.3259572012792174	0.033831144777309134
1101	0.22986631702247481	0.16131172969989935	0.12001921529827536	0.4888027379793504
1102	0.14998673476247718	0.5588159995615833	0.08735891909894301	0.20383834657699654
1103	0.0383426962837441	0.7497673359838158	0.03627943089183028	0.1756105368406098
1104	0.5073977113182904	0.16260879675468978	0.24100172401816705	0.08899176790885288
1105	0.2054486822192378	0.524117066477726	0.10406920109247501	0.16636505021056128
1106	0.0383426962837441	0.7497673359838158	0.03627943089183028	0.1756105368406098
1107	0.029301493160357812	0.2640732516857611	0.031302428364561	0.6753228267893201
1108	0.2811517837199109	0.13820720946015566	0.22983530030870872	0.3508057065112247
1109	0.0306239144471324	0.36318983618888295	0.03186346851531196	0.5743227808486726
1110	0.316653916183762	0.053451281475321286	0.5636414946142501	0.06625330772666667
1111	0.17405530746711076	0.15334183471446322	0.1712100011575128	0.5013928566609132
1112	0.27669790445376324	0.0340378846184442	0.6542510326618146	0.03501317826597802
1113	0.1100921818548363	0.1423365228278454	0.27563824084953825	0.47193305446778
1114	0.24829578056347484	0.03421303827469794	0.682068683215871	0.03542249794595631
1115	0.0375041031727711	0.6787355044804881	0.03617952057078892	0.24758087177595184
1116	0.2456766879603014	0.05573196536784728	0.6353935612939176	0.06319778537793387
1117	0.2394044762402547	0.13925830261863067	0.5023760468957171	0.11896117424539752
1118	0.18086517904994023	0.3308209764905438	0.11359514671335907	0.37471869774615696
1119	0.4103782277055117	0.05365811045122818	0.4775451275355773	0.0584185343076828
1120	0.12374330703712938	0.4939232650822079	0.14554794586816017	0.2367854820125026
1121	0.8341669330022232	0.024484959206038947	0.11930979862715833	0.02203830916457946
1122	0.8341669330022232	0.024484959206038947	0.11930979862715833	0.02203830916457946
1123	0.0383426962837441	0.7497673359838158	0.03627943089183028	0.1756105368406098
1124	0.0383426962837441	0.7497673359838158	0.03627943089183028	0.1756105368406098
1125	0.0383426962837441	0.7497673359838158	0.03627943089183028	0.1756105368406098
1126	0.0013782682505246266	0.7816100435367686	0.002241068539149976	0.21477061967355682
1127	0.3990130307964038	0.019581668342015184	0.5754203848004369	0.005984916061144079
1128	0.05319606733834844	0.0018838001572208554	0.9439576726713513	9.624598330794117E-4
1129	0.03854138444338308	0.312797829251298	0.495997758667996	0.15266302763732303
1130	0.2106346419157285	0.07575599805244553	0.09873075138843343	0.6148786086433926
1131	0.03451499587142433	0.3982453932970884	0.5399506919808733	0.027288918850613963
1132	0.02124309833315166	0.3218002268240337	0.11912713441408532	0.5378295404287293
1133	0.09191973425866946	0.7982225556841731	0.07913399100588711	0.03072371905127014
1134	0.001383841690715216	0.89792794428976	0.002016069760558418	0.09867214425896631
1135	0.03729164972915546	0.001181113357909962	0.9607885403883137	7.386965246209083E-4
1136	0.00838794411593615	0.12329164346126732	0.012758831688885194	0.8555615807339113
1137	0.12271641901501468	0.1159408355736848	0.6219397554764942	0.13940298993480643
1138	0.0010360961197994453	0.027417167091490148	0.004865393473398532	0.9666813433153119
1139	2.953983110641071E-4	0.0140204665975965	5.989899422242148E-4	0.9850851451491152
1140	0.021923693270288917	0.10882689908585927	0.1762935602613168	0.6929558473825351
1141	0.1951688517180243	0.6064155334239886	0.06241465911014203	0.13600095574784515
1142	0.13451991894405743	0.6027595362923445	0.1952820981524256	0.06743844661117256
1143	0.0010480467154767295	0.039436288181307726	0.004710941649465182	0.9548047234537503
1144	0.020815713640877434	0.06199933111176811	0.18181565928389085	0.7353692959634637
1145	0.07931336358250496	0.0636740246027795	0.2803781611549249	0.5766344506597906
1146	0.12294636507607155	0.05749740415013305	0.5088952559688054	0.31066097480499016
1147	0.5947085767320285	0.054962275378051505	0.058094655005262376	0.2922344928846577
1148	0.02149379829533401	0.10803236796588764	0.010839275255810642	0.8596345584829678
1149	0.4037495235576602	0.0881742087029387	0.22362188705714442	0.28445438068225676
1150	0.023320164363797663	0.867575086416715	0.028179800055569335	0.08092494916391804
1151	5.55657308387072E-4	0.07581190082176437	0.0010765862831388126	0.9225558555867097
1152	5.30990021032779E-4	0.07597079866055567	0.0010226791139068682	0.9224755322045046
1153	0.7984528172734756	0.0021136377781666073	0.19829537021479532	0.0011381747335624543
1154	0.005913139843682808	0.10293541261860936	0.005536780179700202	0.8856146673580076
1155	0.6114823535633224	0.03389069594423222	0.343935370798633	0.01069157969381242
1156	0.03916074809125309	0.43703602102621497	0.0553541404684823	0.4684490904140498
1157	0.12691670112419598	0.06916450692295648	0.5060548875360472	0.2978639044168003
1158	0.5226541117353923	0.002287947305056287	0.4738411944614997	0.0012167464980516551
1159	0.6739874922511961	0.0021995249968236024	0.3226809332040191	0.0011320495479611803
1160	0.002096204706906488	0.9224993870719934	0.0046069856479382405	0.07079742257316184
1161	0.018279411799493245	0.2242999595036667	0.010695055246953094	0.746725573449887
1162	0.08673298914866956	0.023912096055483056	0.87568561362753	0.013669301168317516
1163	0.0010818416406516691	0.5326661306157918	0.0018529726835506467	0.4643990550600059
1164	0.0016742248327777855	0.45635333358268954	0.002858976344154205	0.5391134652403785
1165	0.008440552309018095	0.04458354459468406	0.011281590889543416	0.9356943122067545
1166	0.9622666624649684	0.0037788734883435994	0.03058233457139456	0.0033721294752933582
1167	0.07214715069390497	0.07057508304420779	0.029868145219721292	0.827409621042166
1168	0.09907245554005233	0.016154931574487767	0.8534692749300923	0.03130333795536769
1169	0.017271770356918223	0.001213384354199237	0.9806795354589201	8.353098299624483E-4
1170	0.03401404283888858	0.06626628424212742	0.33118379437341444	0.5685358785455695
1171	0.037198217172111914	0.1323274008567226	0.8119724810691004	0.01850190090206513
1172	0.7114221782637143	0.07457637611524365	0.12898317705899934	0.08501826856204278
1173	0.0010847448034691136	0.9478352136260116	0.001538975922435753	0.049541065648083506
1174	0.9310332439516814	0.00848563872721753	0.04776158516823689	0.012719532152864177
1182	0.7993166843164584	0.07100023153905838	0.11893530429902947	0.010747779845453834
1183	0.001063527240132545	0.07870908922232789	0.0013908906865994937	0.9188364928509402
1184	0.009414949172236358	0.04566373764714162	0.011662593322664543	0.9332587198579575
1185	0.006126656368857845	0.9485500911962645	0.00723366851378711	0.0380895839210904
1186	0.2587214939888332	0.22211337858400781	0.05016720033539073	0.4689979270917683
1187	0.9267317061391734	0.002960268000811258	0.06952802339017082	7.800024698444796E-4
1188	0.322079078384761	0.031155742760556472	0.6201749192064822	0.026590259648200356
1189	0.15929201283479005	0.2593692159334754	0.3231096346863175	0.25822913654541696
1190	0.23783072513705122	0.0276066039176687	0.7280551211285724	0.006507549816707651
1191	0.023624472480590873	0.2772333693064491	0.028099322586809066	0.671042835626151
1192	0.02102735172345478	0.11328290887489696	0.04497600416726626	0.820713735234382
1193	0.04061818597715259	0.3158283874782512	0.16444070084574797	0.4791127256988483
1194	5.413061117510847E-4	0.040764242255808665	0.0010178736904540623	0.9576765779419862
1195	0.0010359268147230951	0.5045108617152478	0.0017986903296111074	0.492654521140418
1196	0.3747101132076019	0.21037687063478164	0.3289160812032335	0.08599693495438303
1197	0.39570838304237854	0.32763037104558645	0.2161387285902361	0.06052251732179899
1198	0.017055088100622482	0.8267218728541547	0.010909694043930614	0.14531334500129223
1199	0.45372664286796	0.032588665423945985	0.5074769269278547	0.006207764780239307
1200	0.013211989674603278	0.1713524786351294	0.06597442717033107	0.7494611045199362
1201	0.6805643579921211	0.06741708204044031	0.22390840310956445	0.02811015685787425
1202	0.008800391675099701	0.23840149637863345	0.013139420734005713	0.7396586912122611
1203	0.6746165773686106	0.04024506983452972	0.14927809566092665	0.1358602571359331
1204	0.0170565780457988	0.0010378792591505444	0.9812291693951395	6.76373299911161E-4
1205	0.005944033101833138	0.9424317265078578	0.013742531277936154	0.03788170911237295
1206	0.0030478564203091233	0.23290914889656122	0.010075578108487304	0.7539674165746423
1207	0.5265133781271321	0.002903905262523412	0.4690166749360248	0.0015660416743198747
1208	0.3256645390392699	0.062249126757162716	0.3523573379743958	0.2597289962291716
1209	0.017249805154550157	0.3739836954265978	0.04885094154499625	0.5599155578738558
1210	0.47557109602203035	0.0036608881140249507	0.5178656974659978	0.0029023183979469125
1211	0.449238526503785	0.0018314315690927904	0.547956013635754	9.74028291368332E-4
1212	0.7948532762886897	0.0014858688931732168	0.202935038858911	7.258159592260303E-4
1213	0.020659749958925583	0.4251883280177604	0.015329415325726807	0.5388225066975872
1214	0.6864489426592049	0.05082228001131399	0.11281584699873086	0.14991293033075034
1220	3.059907140577765E-4	0.015064968080276102	6.217740158092348E-4	0.9840072671898569
1221	0.023038752071229216	0.004180193810249698	0.9657957289644111	0.00698532515410996
1222	0.048194170485310564	0.14167091027672224	0.7364147152132323	0.07372020402473488
1223	7.211784616258216E-4	0.9825453060107644	0.0010246513736445306	0.015708864153965225
1224	7.211784616258211E-4	0.9825453060107646	0.00102465137364453	0.015708864153965215
1225	0.14870028499517143	0.08679206260905632	0.032722058368077726	0.7317855940276945
1226	0.003271281431594218	0.044135247309975735	0.02091286596962015	0.9316806052888099
1227	0.38438528074202927	0.22809086906181286	0.3684712014369429	0.019052648759215023
1228	0.6282390332526384	0.21200892849516667	0.08620628080992755	0.07354575744226743
1229	0.21656780055145947	0.0017787129321721114	0.780657355640605	9.961308757635008E-4
1230	0.03849544212533282	0.008506519493472345	0.937875764250884	0.015122274130310713
1231	7.985815848778385E-4	0.03692825797807557	0.001480884224870889	0.9607922762121757
1232	0.7512576876776209	0.0034346097548809697	0.24340875595698636	0.001898946610511668
1233	0.09639341160859811	0.8117312925177569	0.027733476958626952	0.06414181891501806
1234	0.0042536528210713135	0.9580951421019392	0.004885382959166947	0.0327658221178226
1235	0.06100337995781272	0.7445349797735188	0.02281833405726085	0.17164330621140775
1236	0.06284119505264361	0.5410557092867403	0.0820215295309304	0.31408156612968574
1244	0.008220959421666901	0.15857909154623623	0.006973272653059495	0.8262266763790375
1245	0.05048077153525871	0.1816738342925017	0.0647744837089707	0.7030709104632689
1246	0.11845861105828681	0.7690111737046671	0.03629815600137498	0.07623205923567113
1247	0.20465677395776674	0.042187828637993925	0.7351495169630653	0.01800588044117401
1248	0.7264688875315727	0.05806714440979968	0.1951146775467686	0.02034929051185912
1249	0.3896639703686252	0.04964159437762301	0.5506519943627789	0.010042440890972964
1250	0.19799623753728865	0.32272518301587594	0.06132819428946406	0.4179503851573715
1251	0.03302168894496732	0.6704891158625056	0.025155923511102074	0.271333271681425
1252	0.4845447153703442	0.003654959681288089	0.509695856752877	0.0021044681954906323
1253	0.002430165295271062	0.29649909544921704	0.005286761186962365	0.6957839780685495
1254	0.0034302404595984264	0.11543772992702053	0.0034646549452434956	0.8776673746681376
1255	0.8270755128778349	0.015134758328734413	0.15250002651927366	0.00528970227415699
1256	0.055509227240152885	0.16167093173099747	0.5914158470417297	0.19140399398712005
1257	0.45933026285982154	0.006530385505474022	0.5319352698159902	0.0022040818187143386
1258	0.09107207272702413	0.01573573315646852	0.8496834591406812	0.04350873497582603
1259	0.9448284912993028	0.007993847270658076	0.04149402078578107	0.00568364064425787
1260	3.322280121274811E-4	0.021788502405065305	6.713312154264378E-4	0.9772079383673807
1261	7.211784616258216E-4	0.9825453060107644	0.0010246513736445306	0.015708864153965225
1262	3.059907140577765E-4	0.015064968080276102	6.217740158092348E-4	0.9840072671898569
1263	0.04742779346000071	0.17347736855800355	0.7564878275352737	0.0226070104467221
1264	0.653486325941316	0.04940066200993503	0.07617778963705613	0.22093522241169283
1265	0.015079476180179144	0.29473581463613063	0.08821882732040157	0.6019658818632887
1266	0.08285857935934282	0.6543633648484586	0.035809951901090764	0.2269681038911078
1267	0.1852507703259905	0.056945654005357324	0.7295384412993962	0.028265134369256047
1268	0.12822950920641768	0.10339686689389246	0.5187712790631489	0.249602344836541
1269	0.05398458065592236	0.13079167298969127	0.6369476639213203	0.178276082433066
1270	0.05583245978535484	0.0013091396238925055	0.9420557027312978	8.026978594548077E-4
1271	0.056713413257686134	0.0013979260598220484	0.9410350096048148	8.536510776770558E-4
1272	0.49959323210488105	0.016924081711056912	0.4799572431617747	0.0035254430222874146
1273	0.00955091032113064	0.785391077885143	0.008332409811203213	0.1967256019825233
1274	6.031552842596377E-4	0.07267536929946665	0.001101090198360528	0.9256203852179132
1275	0.0014789891624811292	0.9719511657151955	0.003466984568641106	0.023102860553682252
1276	0.4592195638956502	0.015053591994652334	0.5212434308262781	0.004483413283419346
1277	0.008878862914229332	0.8345475918062559	0.038476568013791325	0.11809697726572348
1278	0.0413615311616385	0.1258570091921841	0.03625143952489277	0.7965300201212846
1279	0.004991302776308273	0.9510490070564719	0.008191348021869726	0.03576834214534996
1280	0.0017852094158773697	0.924859921022673	0.003061460861574524	0.07029340869987522
1281	0.9120925570707303	0.010831025548231836	0.06008330710968041	0.01699311027135752
1282	0.00379982284472683	0.14080094460568787	0.008538782006649677	0.8468604505429356
1283	0.1152337050556954	0.12942386751178125	0.10041023759095698	0.6549321898415663
1284	0.09887407906003796	0.10938793895706184	0.621480833487135	0.17025714849576512
1285	0.6744710541188814	0.01019507333768833	0.3074786215076303	0.0078552510358
1286	0.038592520838012664	0.7641333812225397	0.12280102350840762	0.07447307443104001
1287	0.010133562506287915	0.06176469357413494	0.009387469016381612	0.9187142749031956
1288	0.07210868707203141	0.0379573757521208	0.8437914189429063	0.046142518232941465
1289	0.0018197698696541186	0.1169014489149166	0.0036441169875637415	0.8776346642278655
1290	0.5982959045225206	0.022482188128977624	0.35287254850244043	0.026349358846061398
1291	0.28101308518037166	0.2897747634872061	0.29973672886835545	0.12947542246406696
1292	0.7039271115615534	0.023762789552579117	0.2554037909955432	0.016906307890324327
1293	0.6301648382011291	0.07774282477967064	0.23701409437853962	0.05507824264066062
1294	0.20926143417530685	0.22352831885330887	0.4875912373393209	0.07961900963206348
1295	0.014137858442734694	0.2888071437384082	0.016258998887670056	0.680795998931187
1296	0.11573564141509571	0.01831569837507709	0.847740619914805	0.018208040295022217
1297	0.016271062354115847	0.11694025375605338	0.01938801745261962	0.8474006664372111
1298	0.05033669172991953	0.15590390657190334	0.08747824082036164	0.7062811608778156
1299	0.029955409239733513	0.5509460263577058	0.03167466241812374	0.3874239019844369
1300	0.320328740382461	0.15876444562163186	0.1579500628073484	0.3629567511885588
1301	0.15658762922834538	0.1664254855854167	0.26306490776465014	0.4139219774215878
1302	6.227788721613973E-4	0.13642502532218775	0.0011940575334132542	0.8617581382722376
1303	0.005278136611372763	0.3574674062270643	0.01641173741615256	0.6208427197454104
1304	0.04575550378914533	0.3983723456676647	0.38920914894836506	0.16666300159482492
1305	0.862587435256782	0.0019027719059719348	0.13450128154654686	0.0010085112906991437
1306	0.05744704745837311	0.27693524797288566	0.632404301830325	0.03321340273841617
1307	0.0025598219348013478	0.12989813132648134	0.011795670944037998	0.8557463757946794
1308	9.128486940916658E-4	0.2731462187611935	0.0016638335032573349	0.7242770990414575
1309	3.322280121274811E-4	0.021788502405065305	6.713312154264378E-4	0.9772079383673807
1310	0.570575656937226	0.011078339111965384	0.4058581135119594	0.012487890438849184
1311	0.9452014199314397	0.00873648055521803	0.0442963235017619	0.0017657760115803883
1312	0.9265651773986844	0.0045941315020684645	0.06465817265155922	0.004182518447687896
1313	0.7217556204962371	0.003365042062785365	0.27175710968690076	0.0031222277540768006
1314	0.828495224993811	0.021881911814669964	0.09507422961528328	0.05454863357623579
1315	0.06509956169221959	0.5160048484407694	0.22672983404637054	0.1921657558206404
1316	0.06265154293623972	0.2952084831215555	0.2626412169374754	0.3794987570047294
1317	0.12076167174207837	0.028491187273682772	0.7815312142206613	0.0692159267635776
1318	0.0014649307265998115	0.026959511849020196	0.0051932746885601	0.9663822827358199
1319	0.002733535371850256	0.33432029003282276	0.0030297768946587456	0.6599163977006683
1320	3.6381513729217256E-4	0.024425158011720245	7.985533260725304E-4	0.974412473524915
1321	0.851659710153374	0.013293045803979213	0.12724870074790756	0.0077985432947392345
1322	0.7744200772268252	0.0076729548978932225	0.2118556645675176	0.006051303307764007
1323	0.5254657167067946	0.019647370750648544	0.44896250196380577	0.0059244105787510885
1324	0.0010044149186858315	0.8921088047289123	0.0015562652959723938	0.10533051505642954
1325	0.09607889777476153	0.712824012954648	0.025654767589688095	0.16544232168090234
1326	0.00787525453451243	0.4054697953717999	0.0665980909161502	0.5200568591775374
1327	0.002345907330902458	0.44010747333691586	0.007111230788553286	0.5504353885436284
1328	0.13696153199628522	0.16767527321525239	0.6569064659496477	0.038456728838814715
1329	0.9249958863864437	0.019128037338779744	0.05249141729806083	0.003384658976715688
1330	0.03949071327045355	0.17158488698884164	0.11366914312404718	0.6752552566166576
1331	0.9289519217556395	0.001803776566749214	0.06749054376450107	0.0017537579131102602
1332	0.06450031902264436	0.07769000093267055	0.07915299094549838	0.7786566890991866
1333	0.8996671355973338	0.006892014880214197	0.09180860419509415	0.0016322453273578679
1334	0.0010489954892777494	0.9261904562728035	0.0014846013105563128	0.07127594692736247
1336	0.9008110177264089	0.019201123436765694	0.07652413053323084	0.003463728303594462
1337	0.01708648890433184	0.758426614919592	0.011924684086990723	0.21256221208908538
1338	0.4567131723923337	0.15272003846433857	0.33727087274486733	0.0532959163984604
1339	0.36743695603326526	0.003025789430222563	0.6278643481594149	0.001672906377097365
1340	0.03447651459283703	0.0024275462289467167	0.9599447829795131	0.0031511561987030575
1341	0.7650591919752769	0.0019460469787593636	0.23197571324362934	0.0010190478023342307
1342	0.08242470388179311	0.7403772664997598	0.13310481644631775	0.04409321317212944
1343	0.8079923480688249	0.03725462430580415	0.14441937983760067	0.010333647787770225
1344	0.05420792311781752	0.2972878241983257	0.3094148580073355	0.33908939467652116
1345	5.383530631128498E-4	0.08678073029095462	0.0010409436127750726	0.9116399730331575
1346	0.0133556916330506	0.06391654924073506	0.10618335979168239	0.8165443993345319
1347	0.04924969906842711	0.0013469157043032552	0.9485837839605608	8.19601266708857E-4
1348	0.46659149551187	0.030700917566176357	0.48444052651149005	0.01826706041046357
1349	0.64822003588152	0.009105892748472207	0.33286673588243354	0.009807335487574393
1350	0.0010256696871894537	0.3024722153368957	0.0022270382545427994	0.694275076721372
1351	0.014137858442734694	0.2888071437384082	0.016258998887670056	0.680795998931187
1352	0.014540798541402998	0.18199197386957128	0.020282227415607264	0.7831850001734185
1353	0.013629514678239345	0.2643773426365906	0.015730738712882497	0.7062624039722876
1354	0.010356720490294444	0.07476226291425928	0.012442581942646413	0.9024384346527998
1355	0.018391869035761226	0.6424007539383236	0.019443928684401424	0.31976344834151366
1356	0.018329126680930768	0.6166625381132157	0.019549510632840546	0.34545882457301297
1357	0.07982973700133023	0.14460818714840334	0.08748530828950392	0.6880767675607625
1358	0.018672759101167235	0.257963727483059	0.020276514353599097	0.7030869990621746
1359	0.15803349077700976	0.14747726578090362	0.07956449780943374	0.6149247456326529
1360	0.13220086997104932	0.14564590536454025	0.06364958931123416	0.6585036353531762
1361	0.06244327405408831	0.13726343916402106	0.03915461362685189	0.7611386731550387
1362	0.24125091131996138	0.45724358376058316	0.09501892882543785	0.2064865760940176
1363	0.05965517446390137	0.4152131266743257	0.04379999965657822	0.48133169920519464
1364	0.10888326510978348	0.3429324550579742	0.06007904687054365	0.48810523296169867
1365	0.11913152661221324	0.38152291988015	0.07024101480579358	0.4291045387018431
1366	0.9364530222462352	0.002271615029204533	0.060028377682091565	0.0012469850424686455
1367	0.37196297719264226	0.20451087407266152	0.07505229187718662	0.34847385685750965
1368	0.0010814194848808103	0.1268782349783836	0.0019363272556829122	0.8701040182810527
1369	0.12802404841879922	0.002557775288346008	0.8677816848221637	0.0016364914706911255
1370	0.5702419959627197	0.0032698066443727796	0.42458655637122816	0.0019016410216792163
1371	0.0015466343371183303	0.7597121388083516	0.002419547836757595	0.23632167901777237
1372	0.9286368582411018	0.007483309665883752	0.05495844352658375	0.00892138856643074
1373	0.026239794099538846	0.13933644289711947	0.01610600552244281	0.8183177574808989
1374	0.11873598345085214	0.32830940372004835	0.06470766998393501	0.4882469428451645
1375	0.9837096503993774	6.581906332155365E-4	0.015331617416254512	3.0054155115255554E-4
1376	2.953983110641071E-4	0.014020466597596475	5.989899422242148E-4	0.9850851451491152
1377	0.015916513988677154	9.984269738497306E-4	0.9824306975582451	6.54361479227951E-4

